-1.500000E+00	-1.752267E-06	2.322689E+19	6.231077E+18	1.429029E-03	2.957912E+02	-4.628677E-07	9.971927E-195	0.000000E+00	0.000000E+00
-5.000000E-01	-3.937192E-07	2.090684E+19	5.608679E+18	1.286289E-03	2.946052E+02	-1.040024E-07	2.454589E-190	0.000000E+00	0.000000E+00
5.000000E-01	2.379621E-07	1.884076E+19	5.054410E+18	1.159174E-03	2.917395E+02	6.285857E-08	5.406593E-186	0.000000E+00	0.000000E+00
1.500000E+00	3.504533E-07	1.700115E+19	4.560899E+18	1.045992E-03	2.874678E+02	9.257354E-08	1.065647E-181	4.260569E-01	2.375152E-01
2.500000E+00	1.514305E-07	1.536056E+19	4.120779E+18	9.450555E-04	2.820636E+02	4.000091E-08	1.879527E-177	1.077318E+00	4.835382E-01
3.500000E+00	-1.514305E-07	1.389152E+19	3.726678E+18	8.546728E-04	2.758006E+02	-4.000091E-08	2.966392E-173	1.785737E+00	6.021915E-01
4.500000E+00	-3.504533E-07	1.256655E+19	3.371228E+18	7.731543E-04	2.689524E+02	-9.257354E-08	4.189416E-169	2.627275E+00	5.341817E-01
5.500000E+00	-2.379621E-07	1.135818E+19	3.047060E+18	6.988098E-04	2.617927E+02	-6.285857E-08	5.294484E-165	3.921901E+00	2.967993E-01
6.500000E+00	3.677597E-07	1.023946E+19	2.746941E+18	6.299809E-04	2.545919E+02	9.714507E-08	5.987407E-161	6.213709E+00	-1.855894E-02
7.500000E+00	1.051360E-06	9.195261E+18	2.466813E+18	5.657365E-04	2.475456E+02	2.777206E-07	6.058973E-157	9.743919E+00	-3.120530E-01
8.500000E+00	8.004181E-07	8.222270E+18	2.205788E+18	5.058734E-04	2.407745E+02	2.114334E-07	5.486613E-153	1.231101E+01	-4.575306E-01
9.500000E+00	-1.319608E-06	7.317708E+18	1.963122E+18	4.502205E-04	2.343964E+02	-3.485794E-07	4.445848E-149	1.427870E+01	-4.632762E-01
1.050000E+01	-3.854987E-06	6.479030E+18	1.738129E+18	3.986209E-04	2.285336E+02	-1.018309E-06	3.223666E-145	1.531429E+01	-3.449165E-01
1.150000E+01	-2.963710E-06	5.703923E+18	1.530191E+18	3.509327E-04	2.233130E+02	-7.828750E-07	2.091657E-141	1.542423E+01	-1.285132E-01
1.250000E+01	4.910673E-06	4.990139E+18	1.338705E+18	3.070172E-04	2.188621E+02	1.297172E-06	1.214440E-137	1.463373E+01	1.587934E-01
1.350000E+01	1.436859E-05	4.336619E+18	1.163385E+18	2.668096E-04	2.153111E+02	3.795515E-06	6.309669E-134	1.306012E+01	4.754895E-01
1.450000E+01	1.105442E-05	3.743494E+18	1.004267E+18	2.303177E-04	2.127937E+02	2.920067E-06	2.933474E-130	1.091285E+01	7.656885E-01
1.550000E+01	-1.832308E-05	3.210925E+18	8.613949E+17	1.975515E-04	2.114349E+02	-4.840110E-06	1.220402E-126	8.404186E+00	9.744685E-01
1.650000E+01	-5.361936E-05	2.738533E+18	7.346662E+17	1.684877E-04	2.111649E+02	-1.416375E-05	4.543271E-123	5.718405E+00	1.083472E+00
1.750000E+01	-4.125398E-05	2.325400E+18	6.238350E+17	1.430697E-04	2.117188E+02	-1.089739E-05	1.513490E-119	3.011836E+00	1.110904E+00
1.850000E+01	6.838167E-05	1.970453E+18	5.286134E+17	1.212317E-04	2.128256E+02	1.806327E-05	4.511649E-116	4.380749E-01	1.076500E+00
1.950000E+01	2.001089E-04	1.669609E+18	4.479060E+17	1.027223E-04	2.142653E+02	5.285949E-05	1.203473E-112	-1.884116E+00	9.985876E-01
2.050000E+01	1.539615E-04	1.415773E+18	3.798094E+17	8.710513E-05	2.158690E+02	4.066950E-05	2.872646E-109	-3.870811E+00	8.940857E-01
2.150000E+01	-2.552036E-04	1.201762E+18	3.223967E+17	7.393815E-05	2.174747E+02	-6.741296E-05	6.135828E-106	-5.443677E+00	7.800978E-01
2.250000E+01	-7.468160E-04	1.021391E+18	2.740086E+17	6.284088E-05	2.190238E+02	-1.972742E-04	1.172760E-102	-6.618093E+00	6.793624E-01
2.350000E+01	-5.745920E-04	8.694736E+17	2.332537E+17	5.349418E-05	2.205611E+02	-1.517806E-04	2.005813E-99	-7.503161E+00	6.202529E-01
2.450000E+01	9.524326E-04	7.409153E+17	1.987654E+17	4.558466E-05	2.221353E+02	2.515886E-04	3.069846E-96	-8.210413E+00	6.303277E-01
2.550000E+01	2.787155E-03	6.317755E+17	1.694864E+17	3.886985E-05	2.237773E+02	7.362373E-04	4.204244E-93	-8.813675E+00	7.127568E-01
2.650000E+01	2.144407E-03	5.392656E+17	1.446688E+17	3.317820E-05	2.255006E+02	5.664529E-04	5.152336E-90	-9.349058E+00	8.463220E-01
2.750000E+01	-3.554527E-03	4.606698E+17	1.235839E+17	2.834261E-05	2.273184E+02	-9.389414E-04	5.650223E-87	-9.850623E+00	1.008221E+00
2.850000E+01	-1.040181E-02	3.937879E+17	1.056415E+17	2.422772E-05	2.292614E+02	-2.747675E-03	5.544623E-84	-1.034295E+01	1.163591E+00
2.950000E+01	-8.003034E-03	3.369354E+17	9.038966E+16	2.072988E-05	2.313774E+02	-2.114031E-03	4.868817E-81	-1.084114E+01	1.265510E+00
3.050000E+01	1.326568E-02	2.884656E+17	7.738666E+16	1.774778E-05	2.337133E+02	3.504177E-03	3.825780E-78	-1.136164E+01	1.268625E+00
3.150000E+01	3.882007E-02	2.470849E+17	6.628547E+16	1.520185E-05	2.362787E+02	1.025446E-02	2.690058E-75	-1.196117E+01	1.175673E+00
3.250000E+01	2.986773E-02	2.118532E+17	5.683386E+16	1.303422E-05	2.390456E+02	7.889671E-03	1.692576E-72	-1.273672E+01	1.037485E+00
3.350000E+01	-4.950817E-02	1.818520E+17	4.878543E+16	1.118841E-05	2.419839E+02	-1.307777E-02	9.529717E-70	-1.378520E+01	9.065091E-01
3.450000E+01	-1.448785E-01	1.563110E+17	4.193354E+16	9.617000E-06	2.450482E+02	-3.827018E-02	4.801277E-67	-1.516106E+01	8.242560E-01
3.550000E+01	-1.114679E-01	1.346080E+17	3.611129E+16	8.281729E-06	2.481776E+02	-2.944465E-02	2.164605E-64	-1.687629E+01	8.213006E-01
3.650000E+01	1.847670E-01	1.161321E+17	3.115477E+16	7.145006E-06	2.513112E+02	4.880689E-02	8.732639E-62	-1.893560E+01	9.268900E-01
3.750000E+01	5.406938E-01	1.003830E+17	2.692975E+16	6.176044E-06	2.543968E+02	1.428262E-01	3.152517E-59	-2.121887E+01	1.150671E+00
3.850000E+01	4.160038E-01	8.697067E+16	2.333162E+16	5.350852E-06	2.573909E+02	1.098889E-01	1.018391E-56	-2.348115E+01	1.482691E+00
3.950000E+01	-6.895599E-01	7.551331E+16	2.025796E+16	4.645940E-06	2.602502E+02	-1.821498E-01	2.943856E-54	-2.547876E+01	1.912023E+00
4.050000E+01	-2.017897E+00	6.570401E+16	1.762642E+16	4.042426E-06	2.629225E+02	-5.330348E-01	7.614890E-52	-2.712192E+01	2.424924E+00
4.150000E+01	-1.552547E+00	5.731084E+16	1.537478E+16	3.526037E-06	2.653469E+02	-4.101111E-01	1.762608E-49	-2.847481E+01	3.004839E+00
4.250000E+01	2.573473E+00	5.010695E+16	1.344219E+16	3.082820E-06	2.674622E+02	6.797923E-01	3.650842E-47	-2.961104E+01	3.635051E+00
4.350000E+01	7.530893E+00	4.390833E+16	1.177929E+16	2.701451E-06	2.692074E+02	1.989313E+00	6.766676E-45	-3.066823E+01	4.297925E+00
4.450000E+01	5.794186E+00	3.857376E+16	1.034818E+16	2.373242E-06	2.705224E+02	1.530556E+00	1.122284E-42	-3.184794E+01	4.974906E+00
4.550000E+01	-9.604331E+00	3.396498E+16	9.111785E+15	2.089688E-06	2.713486E+02	-2.537019E+00	1.665617E-40	-3.334641E+01	5.645754E+00
4.650000E+01	-2.810567E+01	2.996870E+16	8.039703E+15	1.843818E-06	2.716693E+02	-7.424217E+00	2.212038E-38	-3.517318E+01	6.252356E+00
4.750000E+01	-2.162420E+01	2.649660E+16	7.108242E+15	1.630198E-06	2.715093E+02	-5.712111E+00	2.628785E-36	-3.715117E+01	6.698724E+00
4.850000E+01	3.584385E+01	2.346225E+16	6.294218E+15	1.443510E-06	2.708959E+02	9.468285E+00	2.795521E-34	-3.909767E+01	6.889013E+00
4.950000E+01	1.048918E+02	2.079805E+16	5.579492E+15	1.279595E-06	2.698614E+02	2.770756E+01	2.660206E-32	-4.088818E+01	6.768525E+00
5.050000E+01	8.070260E+01	1.845514E+16	4.950961E+15	1.135449E-06	2.684441E+02	2.131789E+01	2.265234E-30	-4.245637E+01	6.323708E+00
5.150000E+01	-1.337711E+02	1.638595E+16	4.395858E+15	1.008142E-06	2.666822E+02	-3.533612E+01	1.726060E-28	-4.374483E+01	5.547595E+00
5.250000E+01	-3.914615E+02	1.455237E+16	3.903966E+15	8.953318E-07	2.646157E+02	-1.034060E+02	1.176911E-26	-4.484290E+01	4.543546E+00
5.350000E+01	-3.011862E+02	1.292586E+16	3.467623E+15	7.952612E-07	2.622861E+02	-7.955944E+01	7.180860E-25	-4.598670E+01	3.525246E+00
5.450000E+01	4.992404E+02	1.147851E+16	3.079340E+15	7.062131E-07	2.597345E+02	1.318762E+02	3.920617E-23	-4.741240E+01	2.706749E+00
5.550000E+01	1.460954E+03	1.018786E+16	2.733094E+15	6.268059E-07	2.569966E+02	3.859165E+02	1.915479E-21	-4.921060E+01	2.200208E+00
5.650000E+01	1.124042E+03	9.036909E+15	2.424329E+15	5.559938E-07	2.541023E+02	2.969199E+02	8.374240E-20	-5.132634E+01	2.015885E+00
5.750000E+01	-1.863191E+03	8.009008E+15	2.148581E+15	4.927528E-07	2.510811E+02	-4.921687E+02	3.276110E-18	-5.369609E+01	2.158109E+00
5.850000E+01	-5.452356E+03	7.090328E+15	1.902136E+15	4.362317E-07	2.479584E+02	-1.440260E+03	1.146877E-16	-5.620452E+01	2.596705E+00
5.950000E+01	-4.194983E+03	6.269855E+15	1.682025E+15	3.857521E-07	2.447560E+02	-1.108120E+03	3.592691E-15	-5.868454E+01	3.266999E+00
6.050000E+01	6.953522E+03	5.536767E+15	1.485323E+15	3.406471E-07	2.414954E+02	1.836798E+03	1.007090E-13	-6.096898E+01	4.102012E+00
6.150000E+01	2.034847E+04	4.881904E+15	1.309408E+15	3.003442E-07	2.381962E+02	5.375123E+03	2.526164E-12	-6.294111E+01	5.016372E+00
6.250000E+01	1.565589E+04	4.297764E+15	1.151960E+15	2.643656E-07	2.348766E+02	4.135561E+03	5.670220E-11	-6.453459E+01	5.906305E+00
6.350000E+01	-2.595090E+04	3.776962E+15	1.010702E+15	2.322411E-07	2.315546E+02	-6.855025E+03	1.138894E-09	-6.568596E+01	6.668135E+00
6.450000E+01	-7.594152E+04	3.313073E+15	8.840731E+14	2.035841E-07	2.282449E+02	-2.006023E+04	2.046972E-08	-6.634675E+01	7.218785E+00
6.550000E+01	-5.842857E+04	2.900631E+15	7.712332E+14	1.780917E-07	2.249594E+02	-1.543412E+04	3.292194E-07	-6.648355E+01	7.495778E+00
6.650000E+01	9.685007E+04	2.534246E+15	6.713603E+14	1.554656E-07	2.217096E+02	2.558330E+04	4.738098E-06	-6.606370E+01	7.439101E+00
6.750000E+01	2.834176E+05	2.209262E+15	5.833844E+14	1.354287E-07	2.185080E+02	7.486581E+04	6.101937E-05	-6.505701E+01	7.024793E+00
6.850000E+01	2.180584E+05	1.921757E+15	5.059868E+14	1.177257E-07	2.153682E+02	5.760093E+04	7.031961E-04	-6.343577E+01	6.264945E+00
6.950000E+01	-3.614494E+05	1.667857E+15	4.378495E+14	1.021034E-07	2.123032E+02	-9.547818E+04	7.251540E-03	-6.117843E+01	5.175022E+00
7.050000E+01	-1.057729E+06	1.444089E+15	3.779140E+14	8.834113E-08	2.093139E+02	-2.794030E+05	6.691586E-02	-5.840290E+01	3.812007E+00
7.150000E+01	-8.138050E+05	1.247373E+15	3.253820E+14	7.625107E-08	2.063899E+02	-2.149696E+05	5.525518E-01	-5.536655E+01	2.274403E+00
7.250000E+01	1.578144E+06	1.074670E+15	2.794698E+14	6.564786E-08	2.035198E+02	3.563294E+05	4.082836E+00	-5.233659E+01	6.635765E-01
7.350000E+01	1.013581E+07	9.234442E+14	2.394689E+14	5.637391E-08	2.006936E+02	1.042746E+06	2.699579E+01	-4.966747E+01	-8.947968E-01
7.450000E+01	3.168674E+07	7.916591E+14	2.047460E+14	4.829938E-08	1.979021E+02	8.022774E+05	1.597258E+02	-4.780084E+01	-2.250728E+00
7.550000E+01	7.472506E+07	6.773024E+14	1.746739E+14	4.129581E-08	1.951374E+02	-1.327245E+06	8.456666E+02	-4.715391E+01	-3.256774E+00
7.650000E+01	1.832659E+08	5.783800E+14	1.486821E+14	3.523863E-08	1.924150E+02	-3.821540E+06	4.006530E+03	-4.749478E+01	-3.848345E+00
7.750000E+01	4.368455E+08	4.929168E+14	1.262575E+14	3.000722E-08	1.897742E+02	-2.669875E+06	1.698567E+04	-4.794241E+01	-4.043709E+00
7.850000E+01	9.250495E+08	4.189570E+14	1.068939E+14	2.548224E-08	1.872547E+02	6.097534E+06	6.443798E+04	-4.759845E+01	-3.865211E+00
7.950000E+01	1.933079E+09	3.549779E+14	9.018979E+13	2.157037E-08	1.848851E+02	2.302218E+07	2.187491E+05	-4.581572E+01	-3.346233E+00
8.050000E+01	3.941752E+09	2.998894E+14	7.584816E+13	1.820432E-08	1.826826E+02	4.521727E+07	6.645011E+05	-4.219818E+01	-2.531189E+00
8.150000E+01	7.452073E+09	2.526249E+14	6.357812E+13	1.531823E-08	1.806638E+02	6.960677E+07	1.806301E+06	-3.638533E+01	-1.466749E+00
8.250000E+01	1.323378E+10	2.122266E+14	5.312112E+13	1.285311E-08	1.788458E+02	9.219075E+07	4.393693E+06	-2.858297E+01	-2.404517E-01
8.350000E+01	2.232532E+10	1.778456E+14	4.425104E+13	1.075684E-08	1.772459E+02	1.080453E+08	9.563444E+06	-1.956318E+01	1.019295E+00
8.450000E+01	3.575623E+10	1.486430E+14	3.674465E+13	8.977939E-09	1.758813E+02	1.124242E+08	1.862705E+07	-1.011113E+01	2.184846E+00
8.550000E+01	5.408156E+10	1.239098E+14	3.041290E+13	7.472851E-09	1.747694E+02	1.055892E+08	3.246525E+07	-7.462107E-01	3.186929E+00
8.650000E+01	7.738193E+10	1.030660E+14	2.510092E+13	6.205945E-09	1.739274E+02	9.281023E+07	5.063356E+07	8.277941E+00	4.014649E+00
8.750000E+01	1.056743E+11	8.554138E+13	2.065636E+13	5.142164E-09	1.733727E+02	7.945216E+07	7.066483E+07	1.672210E+01	4.661101E+00
8.850000E+01	1.379879E+11	7.085216E+13	1.695044E+13	4.251775E-09	1.731269E+02	6.805791E+07	8.824969E+07	2.441279E+01	5.152824E+00
8.950000E+01	1.723635E+11	5.860126E+13	1.387799E+13	3.510366E-09	1.732150E+02	5.834838E+07	9.862071E+07	3.124228E+01	5.549803E+00
9.050000E+01	2.068039E+11	4.839834E+13	1.133563E+13	2.893941E-09	1.736615E+02	4.992997E+07	9.862071E+07	3.710318E+01	5.908412E+00
9.150000E+01	2.394135E+11	3.992156E+13	9.238243E+12	2.382712E-09	1.744697E+02	4.259843E+07	8.824969E+07	4.183034E+01	6.168576E+00
9.250000E+01	2.683985E+11	3.291756E+13	7.518911E+12	1.961099E-09	1.756210E+02	3.633885E+07	7.066483E+07	4.520082E+01	6.153775E+00
9.350000E+01	2.920072E+11	2.713783E+13	6.112030E+12	1.613821E-09	1.770963E+02	3.114068E+07	5.063356E+07	4.699355E+01	5.688542E+00
9.450000E+01	3.093497E+11	2.237686E+13	4.963628E+12	1.328273E-09	1.788801E+02	2.690506E+07	3.246525E+07	4.708831E+01	4.738186E+00
9.550000E+01	3.203984E+11	1.847212E+13	4.031368E+12	1.094519E-09	1.809601E+02	2.344476E+07	1.862705E+07	4.546567E+01	3.408793E+00
9.650000E+01	3.251832E+11	1.526438E+13	3.273795E+12	9.028310E-10	1.833242E+02	2.057125E+07	9.563444E+06	4.211856E+01	1.833590E+00
9.750000E+01	3.241999E+11	1.262729E+13	2.658165E+12	7.455081E-10	1.859555E+02	1.815441E+07	4.393693E+06	3.722289E+01	6.293046E-01
9.850000E+01	3.184097E+11	1.046739E+13	2.160441E+12	6.168801E-10	1.888323E+02	1.612254E+07	1.806301E+06	3.113753E+01	8.961702E-01
9.950000E+01	3.087909E+11	8.693468E+12	1.757187E+12	5.114157E-10	1.919338E+02	1.440694E+07	6.645011E+05	2.423147E+01	3.721683E+00
1.005000E+02	2.962406E+11	7.233487E+12	1.430033E+12	4.247566E-10	1.952588E+02	1.294977E+07	2.187491E+05	1.692335E+01	9.416904E+00
1.015000E+02	2.815750E+11	6.034567E+12	1.165679E+12	3.537178E-10	1.988257E+02	1.170406E+07	6.443798E+04	9.681459E+00	1.751646E+01
1.025000E+02	2.655985E+11	5.045174E+12	9.511789E+11	2.951962E-10	2.026550E+02	1.062382E+07	1.698567E+04	2.978746E+00	2.750772E+01
1.035000E+02	2.489288E+11	4.225563E+12	7.766088E+11	2.468018E-10	2.067838E+02	9.675521E+06	4.006530E+03	-2.654243E+00	3.856714E+01
1.045000E+02	2.319962E+11	3.547776E+12	6.350721E+11	2.068577E-10	2.112668E+02	8.838053E+06	8.456666E+02	-6.629357E+00	4.956030E+01
1.055000E+02	2.152173E+11	2.984634E+12	5.198705E+11	1.737339E-10	2.161600E+02	8.091044E+06	1.597258E+02	-8.383190E+00	5.935756E+01
1.065000E+02	1.988764E+11	2.515039E+12	4.258441E+11	1.461660E-10	2.215378E+02	7.418740E+06	2.699579E+01	-7.979034E+00	6.724969E+01
1.075000E+02	1.831254E+11	2.123971E+12	3.493722E+11	1.232556E-10	2.274930E+02	6.810003E+06	4.082836E+00	-6.106874E+00	7.294791E+01
1.085000E+02	1.681081E+11	1.796820E+12	2.869360E+11	1.041286E-10	2.341198E+02	6.254023E+06	5.525518E-01	-3.478076E+00	7.618728E+01
1.095000E+02	1.539139E+11	1.522258E+12	2.358292E+11	8.810804E-11	2.415244E+02	5.742915E+06	6.691586E-02	-6.690270E-01	7.683141E+01
1.105000E+02	1.405776E+11	1.292240E+12	1.941580E+11	7.471372E-11	2.498255E+02	5.271719E+06	7.251540E-03	1.878862E+00	7.487240E+01
1.115000E+02	1.281309E+11	1.098939E+12	1.600814E+11	6.347857E-11	2.591402E+02	4.835669E+06	7.031961E-04	3.742117E+00	7.032135E+01
1.125000E+02	1.165898E+11	9.362072E+11	1.321704E+11	5.403646E-11	2.695416E+02	4.431485E+06	6.101937E-05	4.774818E+00	6.349737E+01
1.135000E+02	1.059544E+11	7.995789E+11	1.094075E+11	4.612229E-11	2.810589E+02	4.057379E+06	4.738098E-06	5.108598E+00	5.502758E+01
1.145000E+02	9.622341E+10	6.846970E+11	9.080213E+10	3.947746E-11	2.937185E+02	3.711634E+06	3.292194E-07	4.885148E+00	4.555148E+01
1.155000E+02	8.737209E+10	5.880156E+11	7.557285E+10	3.389232E-11	3.075342E+02	3.392695E+06	2.046972E-08	4.199931E+00	3.568572E+01
1.165000E+02	7.935287E+10	5.068004E+11	6.314737E+10	2.920616E-11	3.225066E+02	3.099171E+06	1.138894E-09	3.102185E+00	2.602409E+01
1.175000E+02	7.211735E+10	4.383773E+11	5.296810E+10	2.526191E-11	3.386301E+02	2.829689E+06	5.670220E-11	1.639461E+00	1.714698E+01
1.185000E+02	6.562238E+10	3.806526E+11	4.460695E+10	2.193692E-11	3.557722E+02	2.583140E+06	2.526164E-12	-1.331828E-01	9.349780E+00
1.195000E+02	5.983003E+10	3.321128E+11	3.776531E+10	1.914300E-11	3.736726E+02	2.358684E+06	1.007090E-13	-2.153187E+00	2.642866E+00
1.205000E+02	5.470217E+10	2.912804E+11	3.215278E+10	1.679407E-11	3.920632E+02	2.155476E+06	3.592691E-15	-4.357822E+00	-2.978263E+00
1.215000E+02	5.019044E+10	2.569195E+11	2.753802E+10	1.481837E-11	4.106103E+02	1.972353E+06	1.146877E-16	-6.688019E+00	-7.575331E+00
1.225000E+02	4.623625E+10	2.280364E+11	2.374877E+10	1.315845E-11	4.289154E+02	1.807830E+06	3.276110E-18	-9.088364E+00	-1.126729E+01
1.235000E+02	4.278023E+10	2.036544E+11	2.061688E+10	1.175788E-11	4.465891E+02	1.660395E+06	8.374240E-20	-1.150365E+01	-1.417487E+01
1.245000E+02	3.975523E+10	1.829506E+11	1.800937E+10	1.056913E-11	4.635134E+02	1.528243E+06	1.915479E-21	-1.387963E+01	-1.640264E+01
1.255000E+02	3.708628E+10	1.652558E+11	1.582840E+10	9.553620E-12	4.798421E+02	1.409268E+06	3.920617E-23	-1.616307E+01	-1.803901E+01
1.265000E+02	3.469914E+10	1.499159E+11	1.397891E+10	8.673623E-12	4.957371E+02	1.301381E+06	7.180860E-25	-1.830042E+01	-1.917206E+01
1.275000E+02	3.254365E+10	1.364736E+11	1.239352E+10	7.902768E-12	5.112808E+02	1.203095E+06	1.176911E-26	-2.023059E+01	-1.989880E+01
1.285000E+02	3.059370E+10	1.246682E+11	1.103259E+10	7.226024E-12	5.264752E+02	1.113525E+06	1.726060E-28	-2.188495E+01	-2.032511E+01
1.295000E+02	2.882440E+10	1.142495E+11	9.858007E+09	6.628969E-12	5.413195E+02	1.031819E+06	2.265234E-30	-2.319655E+01	-2.055595E+01
1.305000E+02	2.721418E+10	1.050136E+11	8.839385E+09	6.099839E-12	5.558181E+02	9.572118E+05	2.660206E-32	-2.414470E+01	-2.066595E+01
1.315000E+02	2.574482E+10	9.680211E+10	7.954034E+09	5.629529E-12	5.699814E+02	8.890306E+05	2.795521E-34	-2.475496E+01	-2.069944E+01
1.325000E+02	2.439837E+10	8.946037E+10	7.179817E+09	5.209129E-12	5.838196E+02	8.266097E+05	2.628785E-36	-2.505582E+01	-2.069878E+01
1.335000E+02	2.316047E+10	8.286674E+10	6.499484E+09	4.831640E-12	5.973413E+02	7.693907E+05	2.212038E-38	-2.509647E+01	-2.069222E+01
1.345000E+02	2.202028E+10	7.693266E+10	5.900669E+09	4.491966E-12	6.105531E+02	7.169220E+05	1.665617E-40	-2.494683E+01	-2.069383E+01
1.355000E+02	2.096721E+10	7.157169E+10	5.371321E+09	4.185134E-12	6.234617E+02	6.687590E+05	1.122284E-42	-2.467767E+01	-2.071729E+01
1.365000E+02	1.999226E+10	6.671274E+10	4.901689E+09	3.907056E-12	6.360738E+02	6.245126E+05	6.766676E-45	-2.435849E+01	-2.078159E+01
1.375000E+02	1.908806E+10	6.230011E+10	4.484320E+09	3.654530E-12	6.483966E+02	5.838493E+05	3.650842E-47	-2.405753E+01	-2.091101E+01
1.385000E+02	1.824735E+10	5.827915E+10	4.111922E+09	3.424415E-12	6.604368E+02	5.464397E+05	1.762608E-49	-2.384235E+01	-2.112966E+01
1.395000E+02	1.746400E+10	5.460483E+10	3.778572E+09	3.214125E-12	6.722011E+02	5.119967E+05	7.614890E-52	-2.376529E+01	-2.145245E+01
1.405000E+02	1.673301E+10	5.124167E+10	3.479715E+09	3.021623E-12	6.836959E+02	4.802754E+05	2.943856E-54	-2.386350E+01	-2.188509E+01
1.415000E+02	1.604947E+10	4.815490E+10	3.210890E+09	2.844912E-12	6.949275E+02	4.510341E+05	1.018391E-56	-2.417193E+01	-2.243214E+01
1.425000E+02	1.540914E+10	4.531528E+10	2.968414E+09	2.682315E-12	7.059018E+02	4.240601E+05	3.152517E-59	-2.469010E+01	-2.308085E+01
1.435000E+02	1.480850E+10	4.269917E+10	2.749379E+09	2.532477E-12	7.166248E+02	3.991693E+05	8.732639E-62	-2.538209E+01	-2.380120E+01
1.445000E+02	1.424405E+10	4.028330E+10	2.550936E+09	2.394063E-12	7.271024E+02	3.761804E+05	2.164605E-64	-2.621068E+01	-2.456251E+01
1.455000E+02	1.371278E+10	3.804796E+10	2.370707E+09	2.265946E-12	7.373404E+02	3.549332E+05	4.801277E-67	-2.714455E+01	-2.533686E+01
1.465000E+02	1.321214E+10	3.597698E+10	2.206797E+09	2.147198E-12	7.473441E+02	3.352889E+05	9.529717E-70	-2.815828E+01	-2.609907E+01
1.475000E+02	1.273962E+10	3.405445E+10	2.057340E+09	2.036909E-12	7.571192E+02	3.171107E+05	1.692576E-72	-2.922663E+01	-2.682405E+01
1.485000E+02	1.229303E+10	3.226671E+10	1.920769E+09	1.934299E-12	7.666708E+02	3.002773E+05	2.690058E-75	-3.032327E+01	-2.748656E+01
1.495000E+02	1.187050E+10	3.060240E+10	1.795810E+09	1.838718E-12	7.760041E+02	2.846834E+05	3.825780E-78	-3.142074E+01	-2.806119E+01
1.505000E+02	1.147017E+10	2.905033E+10	1.681213E+09	1.749527E-12	7.851242E+02	2.702249E+05	4.868817E-81	-3.249148E+01	-2.852242E+01
1.515000E+02	1.109043E+10	2.760082E+10	1.575917E+09	1.666172E-12	7.940361E+02	2.568096E+05	5.544623E-84	-3.350649E+01	-2.884269E+01
1.525000E+02	1.072986E+10	2.624567E+10	1.479050E+09	1.588188E-12	8.027445E+02	2.443571E+05	5.650223E-87	-3.443537E+01	-2.899234E+01
1.535000E+02	1.038708E+10	2.497685E+10	1.389756E+09	1.515114E-12	8.112541E+02	2.327881E+05	5.152336E-90	-3.524798E+01	-2.894208E+01
1.545000E+02	1.006087E+10	2.378733E+10	1.307301E+09	1.446551E-12	8.195695E+02	2.220322E+05	4.204244E-93	-3.592172E+01	-2.867191E+01
1.555000E+02	9.750150E+09	2.267119E+10	1.231077E+09	1.382161E-12	8.276953E+02	2.120277E+05	3.069846E-96	-3.644155E+01	-2.817118E+01
1.565000E+02	9.453878E+09	2.162254E+10	1.160485E+09	1.321610E-12	8.356358E+02	2.027141E+05	2.005813E-99	-3.679344E+01	-2.743052E+01
1.575000E+02	9.171112E+09	2.063616E+10	1.095009E+09	1.264599E-12	8.433953E+02	1.940371E+05	1.172760E-102	-3.697958E+01	-2.646041E+01
1.585000E+02	8.901027E+09	1.970744E+10	1.034215E+09	1.210868E-12	8.509779E+02	1.859497E+05	6.135828E-106	-3.701839E+01	-2.529114E+01
1.595000E+02	8.642809E+09	1.883184E+10	9.776776E+08	1.160161E-12	8.583878E+02	1.784051E+05	2.872646E-109	-3.692887E+01	-2.395375E+01
1.605000E+02	8.395729E+09	1.800550E+10	9.250263E+08	1.112258E-12	8.656290E+02	1.713617E+05	1.203473E-112	-3.672731E+01	-2.247602E+01
1.615000E+02	8.159143E+09	1.722531E+10	8.759483E+08	1.066980E-12	8.727052E+02	1.647832E+05	4.511649E-116	-3.642734E+01	-2.088246E+01
1.625000E+02	7.932414E+09	1.648815E+10	8.301347E+08	1.024148E-12	8.796204E+02	1.586334E+05	1.513490E-119	-3.604247E+01	-1.919746E+01
1.635000E+02	7.714969E+09	1.579111E+10	7.873160E+08	9.835943E-13	8.863783E+02	1.528804E+05	4.543271E-123	-3.558677E+01	-1.744596E+01
1.645000E+02	7.506296E+09	1.513142E+10	7.472623E+08	9.451657E-13	8.929824E+02	1.474960E+05	1.220402E-126	-3.507486E+01	-1.565345E+01
1.655000E+02	7.305891E+09	1.450636E+10	7.097464E+08	9.087085E-13	8.994363E+02	1.424522E+05	2.933474E-130	-3.452140E+01	-1.384549E+01
1.665000E+02	7.113297E+09	1.391357E+10	6.745690E+08	8.740901E-13	9.057435E+02	1.377241E+05	6.309669E-134	-3.394156E+01	-1.204870E+01
1.675000E+02	6.928105E+09	1.335108E+10	6.415587E+08	8.411979E-13	9.119074E+02	1.332899E+05	1.214440E-137	-3.335099E+01	-1.029081E+01
1.685000E+02	6.749910E+09	1.281694E+10	6.105460E+08	8.099209E-13	9.179312E+02	1.291278E+05	2.091657E-141	-3.276526E+01	-8.599339E+00
1.695000E+02	6.578344E+09	1.230936E+10	5.813814E+08	7.801585E-13	9.238182E+02	1.252186E+05	3.223666E-145	-3.219711E+01	-6.996417E+00
1.705000E+02	6.413075E+09	1.182677E+10	5.539354E+08	7.518202E-13	9.295715E+02	1.215449E+05	4.445848E-149	-3.165640E+01	-5.498784E+00
1.715000E+02	6.253776E+09	1.136756E+10	5.280797E+08	7.248164E-13	9.351942E+02	1.180900E+05	5.486613E-153	-3.115264E+01	-4.122442E+00
1.725000E+02	6.100147E+09	1.093032E+10	5.037007E+08	6.990667E-13	9.406893E+02	1.148387E+05	6.058973E-157	-3.068918E+01	-2.871833E+00
1.735000E+02	5.951917E+09	1.051379E+10	4.806994E+08	6.744998E-13	9.460597E+02	1.117774E+05	5.987407E-161	-3.026325E+01	-1.739834E+00
1.745000E+02	5.808816E+09	1.011673E+10	4.589774E+08	6.510450E-13	9.513084E+02	1.088929E+05	5.294484E-165	-2.987185E+01	-7.189077E-01
1.755000E+02	5.670599E+09	9.738006E+09	4.384474E+08	6.286384E-13	9.564381E+02	1.061732E+05	4.189416E-169	-2.951302E+01	1.965328E-01
1.765000E+02	5.537042E+09	9.376599E+09	4.190326E+08	6.072224E-13	9.614514E+02	1.036078E+05	2.966392E-173	-2.918583E+01	1.010121E+00
1.775000E+02	5.407923E+09	9.031508E+09	4.006569E+08	5.867403E-13	9.663512E+02	1.011861E+05	1.879527E-177	-2.888940E+01	1.725428E+00
1.785000E+02	5.283037E+09	8.701821E+09	3.832523E+08	5.671402E-13	9.711400E+02	9.889873E+04	1.065647E-181	-2.862256E+01	2.346549E+00
1.795000E+02	5.162199E+09	8.386717E+09	3.667586E+08	5.483759E-13	9.758203E+02	9.673720E+04	5.406593E-186	-2.838385E+01	2.878101E+00
1.805000E+02	5.045222E+09	8.085384E+09	3.511163E+08	5.304011E-13	9.803947E+02	9.469322E+04	2.454589E-190	-2.817184E+01	3.324720E+00
1.815000E+02	4.931938E+09	7.797079E+09	3.362718E+08	5.131738E-13	9.848656E+02	9.275924E+04	9.971927E-195	-2.798512E+01	3.690899E+00
1.825000E+02	4.822188E+09	7.521133E+09	3.221776E+08	4.966562E-13	9.892353E+02	9.092856E+04	3.625137E-199	-2.782241E+01	3.980992E+00
1.835000E+02	4.715819E+09	7.256881E+09	3.087865E+08	4.808105E-13	9.935062E+02	8.919452E+04	1.179274E-203	-2.768238E+01	4.199348E+00
1.845000E+02	4.612686E+09	7.003716E+09	2.960561E+08	4.656022E-13	9.976805E+02	8.755111E+04	3.432813E-208	-2.756373E+01	4.350355E+00
1.855000E+02	4.512657E+09	6.761086E+09	2.839483E+08	4.510001E-13	1.001760E+03	8.599293E+04	8.941917E-213	-2.746510E+01	4.438440E+00
1.865000E+02	4.415602E+09	6.528444E+09	2.724255E+08	4.369733E-13	1.005748E+03	8.451464E+04	2.084280E-217	-2.738515E+01	4.468029E+00
1.875000E+02	4.321397E+09	6.305290E+09	2.614535E+08	4.234932E-13	1.009646E+03	8.311140E+04	4.347371E-222	-2.732255E+01	4.443537E+00
1.885000E+02	4.229932E+09	6.091165E+09	2.510020E+08	4.105338E-13	1.013455E+03	8.177886E+04	8.114138E-227	-2.727595E+01	4.369363E+00
1.895000E+02	4.141094E+09	5.885616E+09	2.410404E+08	3.980696E-13	1.017179E+03	8.051270E+04	1.355199E-231	-2.724404E+01	4.249907E+00
1.905000E+02	4.054781E+09	5.688228E+09	2.315412E+08	3.860768E-13	1.020819E+03	7.930900E+04	2.025391E-236	-2.722546E+01	4.089586E+00
1.915000E+02	3.970894E+09	5.498618E+09	2.224796E+08	3.745338E-13	1.024376E+03	7.816424E+04	2.708692E-241	-2.721888E+01	3.892834E+00
1.925000E+02	3.889341E+09	5.316410E+09	2.138309E+08	3.634192E-13	1.027853E+03	7.707491E+04	3.241571E-246	-2.722295E+01	3.664082E+00
1.935000E+02	3.810030E+09	5.141253E+09	2.055728E+08	3.527130E-13	1.031252E+03	7.603782E+04	3.471334E-251	-2.723635E+01	3.407708E+00
1.945000E+02	3.732881E+09	4.972828E+09	1.976848E+08	3.423971E-13	1.034574E+03	7.505009E+04	3.326461E-256	-2.725777E+01	3.128039E+00
1.955000E+02	3.657810E+09	4.810819E+09	1.901468E+08	3.324536E-13	1.037822E+03	7.410885E+04	2.852420E-261	-2.728589E+01	2.829404E+00
1.965000E+02	3.584742E+09	4.654932E+09	1.829404E+08	3.228656E-13	1.040996E+03	7.321151E+04	2.188717E-266	-2.731934E+01	2.516332E+00
1.975000E+02	3.513605E+09	4.504896E+09	1.760489E+08	3.136179E-13	1.044098E+03	7.235568E+04	1.502833E-271	-2.735670E+01	2.193550E+00
1.985000E+02	3.444327E+09	4.360445E+09	1.694555E+08	3.046953E-13	1.047131E+03	7.153903E+04	9.233726E-277	-2.739653E+01	1.865756E+00
1.995000E+02	3.376844E+09	4.221330E+09	1.631451E+08	2.960835E-13	1.050096E+03	7.075941E+04	5.076779E-282	-2.743767E+01	1.536833E+00
2.005000E+02	3.311092E+09	4.087321E+09	1.571039E+08	2.877696E-13	1.052993E+03	7.001486E+04	2.497725E-287	-2.747917E+01	1.209849E+00
2.015000E+02	3.247011E+09	3.958193E+09	1.513179E+08	2.797406E-13	1.055826E+03	6.930346E+04	1.099628E-292	-2.752015E+01	8.877599E-01
2.025000E+02	3.184542E+09	3.833734E+09	1.457746E+08	2.719845E-13	1.058595E+03	6.862341E+04	4.332040E-298	-2.756020E+01	5.717986E-01
2.035000E+02	3.123632E+09	3.713749E+09	1.404624E+08	2.644902E-13	1.061302E+03	6.797312E+04	1.527158E-303	-2.759947E+01	2.614736E-01
2.045000E+02	3.064227E+09	3.598044E+09	1.353698E+08	2.572466E-13	1.063947E+03	6.735097E+04	4.817486E-309	-2.763810E+01	-4.376887E-02
2.055000E+02	3.006277E+09	3.486439E+09	1.304861E+08	2.502434E-13	1.066534E+03	6.675548E+04	1.383384E-314	-2.767616E+01	-3.441892E-01
2.065000E+02	2.949735E+09	3.378767E+09	1.258016E+08	2.434711E-13	1.069062E+03	6.618531E+04	0.000000E+00	-2.771362E+01	-6.397544E-01
2.075000E+02	2.894553E+09	3.274862E+09	1.213068E+08	2.369202E-13	1.071534E+03	6.563913E+04	0.000000E+00	-2.775046E+01	-9.304220E-01
2.085000E+02	2.840688E+09	3.174568E+09	1.169927E+08	2.305819E-13	1.073950E+03	6.511570E+04	0.000000E+00	-2.778668E+01	-1.216226E+00
2.095000E+02	2.788097E+09	3.077743E+09	1.128510E+08	2.244479E-13	1.076311E+03	6.461389E+04	0.000000E+00	-2.782228E+01	-1.497276E+00
2.105000E+02	2.736741E+09	2.984244E+09	1.088737E+08	2.185102E-13	1.078620E+03	6.413258E+04	0.000000E+00	-2.785730E+01	-1.773684E+00
2.115000E+02	2.686579E+09	2.893937E+09	1.050533E+08	2.127609E-13	1.080877E+03	6.367075E+04	0.000000E+00	-2.789175E+01	-2.045539E+00
2.125000E+02	2.637576E+09	2.806698E+09	1.013827E+08	2.071931E-13	1.083084E+03	6.322745E+04	0.000000E+00	-2.792563E+01	-2.312909E+00
2.135000E+02	2.589695E+09	2.722403E+09	9.785506E+07	2.017997E-13	1.085240E+03	6.280174E+04	0.000000E+00	-2.795895E+01	-2.575859E+00
2.145000E+02	2.542901E+09	2.640938E+09	9.446402E+07	1.965741E-13	1.087349E+03	6.239274E+04	0.000000E+00	-2.799171E+01	-2.834459E+00
2.155000E+02	2.497163E+09	2.562195E+09	9.120364E+07	1.915100E-13	1.089410E+03	6.199967E+04	0.000000E+00	-2.802394E+01	-3.088781E+00
2.165000E+02	2.452448E+09	2.486066E+09	8.806805E+07	1.866014E-13	1.091426E+03	6.162172E+04	0.000000E+00	-2.805563E+01	-3.338901E+00
2.175000E+02	2.408726E+09	2.412451E+09	8.505178E+07	1.818425E-13	1.093396E+03	6.125816E+04	0.000000E+00	-2.808680E+01	-3.584888E+00
2.185000E+02	2.365968E+09	2.341257E+09	8.214978E+07	1.772278E-13	1.095322E+03	6.090833E+04	0.000000E+00	-2.811745E+01	-3.826809E+00
2.195000E+02	2.324145E+09	2.272391E+09	7.935703E+07	1.727522E-13	1.097205E+03	6.057154E+04	0.000000E+00	-2.814760E+01	-4.064732E+00
2.205000E+02	2.283231E+09	2.205765E+09	7.666885E+07	1.684104E-13	1.099045E+03	6.024717E+04	0.000000E+00	-2.817724E+01	-4.298722E+00
2.215000E+02	2.243200E+09	2.141297E+09	7.408090E+07	1.641979E-13	1.100845E+03	5.993466E+04	0.000000E+00	-2.820640E+01	-4.528844E+00
2.225000E+02	2.204026E+09	2.078906E+09	7.158886E+07	1.601099E-13	1.102604E+03	5.963343E+04	0.000000E+00	-2.823508E+01	-4.755163E+00
2.235000E+02	2.165685E+09	2.018516E+09	6.918871E+07	1.561421E-13	1.104325E+03	5.934295E+04	0.000000E+00	-2.826328E+01	-4.977741E+00
2.245000E+02	2.128155E+09	1.960054E+09	6.687671E+07	1.522902E-13	1.106006E+03	5.906273E+04	0.000000E+00	-2.829102E+01	-5.196640E+00
2.255000E+02	2.091413E+09	1.903450E+09	6.464915E+07	1.485503E-13	1.107650E+03	5.879229E+04	0.000000E+00	-2.831829E+01	-5.411921E+00
2.265000E+02	2.055436E+09	1.848637E+09	6.250255E+07	1.449183E-13	1.109258E+03	5.853118E+04	0.000000E+00	-2.834512E+01	-5.623644E+00
2.275000E+02	2.020206E+09	1.795551E+09	6.043368E+07	1.413907E-13	1.110829E+03	5.827897E+04	0.000000E+00	-2.837150E+01	-5.831867E+00
2.285000E+02	1.985700E+09	1.744130E+09	5.843931E+07	1.379638E-13	1.112366E+03	5.803526E+04	0.000000E+00	-2.839745E+01	-6.036649E+00
2.295000E+02	1.951901E+09	1.694315E+09	5.651646E+07	1.346343E-13	1.113868E+03	5.779965E+04	0.000000E+00	-2.842297E+01	-6.238046E+00
2.305000E+02	1.918789E+09	1.646050E+09	5.466230E+07	1.313989E-13	1.115336E+03	5.757180E+04	0.000000E+00	-2.844807E+01	-6.436114E+00
2.315000E+02	1.886346E+09	1.599280E+09	5.287405E+07	1.282544E-13	1.116772E+03	5.735133E+04	0.000000E+00	-2.847275E+01	-6.630909E+00
2.325000E+02	1.854555E+09	1.553953E+09	5.114910E+07	1.251978E-13	1.118176E+03	5.713793E+04	0.000000E+00	-2.849702E+01	-6.822483E+00
2.335000E+02	1.823400E+09	1.510020E+09	4.948500E+07	1.222263E-13	1.119549E+03	5.693128E+04	0.000000E+00	-2.852089E+01	-7.010892E+00
2.345000E+02	1.792863E+09	1.467432E+09	4.787932E+07	1.193369E-13	1.120891E+03	5.673107E+04	0.000000E+00	-2.854437E+01	-7.196186E+00
2.355000E+02	1.762929E+09	1.426142E+09	4.632979E+07	1.165271E-13	1.122203E+03	5.653703E+04	0.000000E+00	-2.856746E+01	-7.378417E+00
2.365000E+02	1.733583E+09	1.386109E+09	4.483428E+07	1.137943E-13	1.123486E+03	5.634889E+04	0.000000E+00	-2.859017E+01	-7.557637E+00
2.375000E+02	1.704810E+09	1.347288E+09	4.339068E+07	1.111360E-13	1.124740E+03	5.616639E+04	0.000000E+00	-2.861250E+01	-7.733894E+00
2.385000E+02	1.676596E+09	1.309638E+09	4.199698E+07	1.085497E-13	1.125967E+03	5.598927E+04	0.000000E+00	-2.863447E+01	-7.907238E+00
2.395000E+02	1.648928E+09	1.273121E+09	4.065131E+07	1.060333E-13	1.127166E+03	5.581732E+04	0.000000E+00	-2.865607E+01	-8.077717E+00
2.405000E+02	1.621791E+09	1.237698E+09	3.935181E+07	1.035845E-13	1.128338E+03	5.565029E+04	0.000000E+00	-2.867731E+01	-8.245378E+00
2.415000E+02	1.595173E+09	1.203333E+09	3.809675E+07	1.012012E-13	1.129485E+03	5.548799E+04	0.000000E+00	-2.869820E+01	-8.410268E+00
2.425000E+02	1.569062E+09	1.169991E+09	3.688452E+07	9.888133E-14	1.130606E+03	5.533022E+04	0.000000E+00	-2.871875E+01	-8.572432E+00
2.435000E+02	1.543446E+09	1.137639E+09	3.571353E+07	9.662293E-14	1.131702E+03	5.517677E+04	0.000000E+00	-2.873896E+01	-8.731916E+00
2.445000E+02	1.518312E+09	1.106244E+09	3.458218E+07	9.442408E-14	1.132774E+03	5.502746E+04	0.000000E+00	-2.875883E+01	-8.888765E+00
2.455000E+02	1.493649E+09	1.075776E+09	3.348894E+07	9.228299E-14	1.133822E+03	5.488213E+04	0.000000E+00	-2.877838E+01	-9.043020E+00
2.465000E+02	1.469447E+09	1.046203E+09	3.243226E+07	9.019785E-14	1.134846E+03	5.474060E+04	0.000000E+00	-2.879760E+01	-9.194726E+00
2.475000E+02	1.445694E+09	1.017496E+09	3.141095E+07	8.816698E-14	1.135848E+03	5.460271E+04	0.000000E+00	-2.881650E+01	-9.343925E+00
2.485000E+02	1.422381E+09	9.896295E+08	3.042418E+07	8.618879E-14	1.136828E+03	5.446831E+04	0.000000E+00	-2.883510E+01	-9.490657E+00
2.495000E+02	1.399497E+09	9.625747E+08	2.947108E+07	8.426168E-14	1.137786E+03	5.433727E+04	0.000000E+00	-2.885338E+01	-9.634964E+00
2.505000E+02	1.377032E+09	9.363061E+08	2.855034E+07	8.238412E-14	1.138723E+03	5.420943E+04	0.000000E+00	-2.887136E+01	-9.776887E+00
2.515000E+02	1.354977E+09	9.107991E+08	2.766013E+07	8.055463E-14	1.139639E+03	5.408467E+04	0.000000E+00	-2.888905E+01	-9.916463E+00
2.525000E+02	1.333324E+09	8.860293E+08	2.679862E+07	7.877172E-14	1.140535E+03	5.396286E+04	0.000000E+00	-2.890644E+01	-1.005373E+01
2.535000E+02	1.312062E+09	8.619734E+08	2.596466E+07	7.703402E-14	1.141410E+03	5.384388E+04	0.000000E+00	-2.892355E+01	-1.018873E+01
2.545000E+02	1.291183E+09	8.386093E+08	2.515769E+07	7.534024E-14	1.142267E+03	5.372762E+04	0.000000E+00	-2.894037E+01	-1.032150E+01
2.555000E+02	1.270680E+09	8.159153E+08	2.437722E+07	7.368911E-14	1.143104E+03	5.361396E+04	0.000000E+00	-2.895691E+01	-1.045208E+01
2.565000E+02	1.250542E+09	7.938703E+08	2.362246E+07	7.207939E-14	1.143923E+03	5.350280E+04	0.000000E+00	-2.897318E+01	-1.058049E+01
2.575000E+02	1.230764E+09	7.724545E+08	2.289244E+07	7.050991E-14	1.144724E+03	5.339405E+04	0.000000E+00	-2.898919E+01	-1.070679E+01
2.585000E+02	1.211337E+09	7.516483E+08	2.218613E+07	6.897949E-14	1.145507E+03	5.328760E+04	0.000000E+00	-2.900492E+01	-1.083099E+01
2.595000E+02	1.192253E+09	7.314328E+08	2.150268E+07	6.748700E-14	1.146273E+03	5.318337E+04	0.000000E+00	-2.902040E+01	-1.095315E+01
2.605000E+02	1.173505E+09	7.117903E+08	2.084132E+07	6.603138E-14	1.147022E+03	5.308126E+04	0.000000E+00	-2.903562E+01	-1.107328E+01
2.615000E+02	1.155086E+09	6.927029E+08	2.020130E+07	6.461158E-14	1.147754E+03	5.298120E+04	0.000000E+00	-2.905059E+01	-1.119143E+01
2.625000E+02	1.136989E+09	6.741537E+08	1.958191E+07	6.322657E-14	1.148471E+03	5.288310E+04	0.000000E+00	-2.906532E+01	-1.130763E+01
2.635000E+02	1.119207E+09	6.561267E+08	1.898243E+07	6.187541E-14	1.149171E+03	5.278688E+04	0.000000E+00	-2.907980E+01	-1.142190E+01
2.645000E+02	1.101735E+09	6.386057E+08	1.840217E+07	6.055713E-14	1.149856E+03	5.269248E+04	0.000000E+00	-2.909404E+01	-1.153429E+01
2.655000E+02	1.084564E+09	6.215756E+08	1.784046E+07	5.927081E-14	1.150526E+03	5.259982E+04	0.000000E+00	-2.910804E+01	-1.164482E+01
2.665000E+02	1.067690E+09	6.050219E+08	1.729667E+07	5.801558E-14	1.151181E+03	5.250884E+04	0.000000E+00	-2.912181E+01	-1.175352E+01
2.675000E+02	1.051106E+09	5.889299E+08	1.677021E+07	5.679057E-14	1.151821E+03	5.241947E+04	0.000000E+00	-2.913536E+01	-1.186042E+01
2.685000E+02	1.034806E+09	5.732860E+08	1.626047E+07	5.559495E-14	1.152448E+03	5.233165E+04	0.000000E+00	-2.914868E+01	-1.196556E+01
2.695000E+02	1.018785E+09	5.580769E+08	1.576690E+07	5.442793E-14	1.153060E+03	5.224533E+04	0.000000E+00	-2.916178E+01	-1.206896E+01
2.705000E+02	1.003036E+09	5.432896E+08	1.528894E+07	5.328871E-14	1.153659E+03	5.216044E+04	0.000000E+00	-2.917467E+01	-1.217065E+01
2.715000E+02	9.875553E+08	5.289117E+08	1.482608E+07	5.217654E-14	1.154245E+03	5.207693E+04	0.000000E+00	-2.918734E+01	-1.227067E+01
2.725000E+02	9.723362E+08	5.149311E+08	1.437782E+07	5.109070E-14	1.154818E+03	5.199476E+04	0.000000E+00	-2.919980E+01	-1.236902E+01
2.735000E+02	9.573741E+08	5.013361E+08	1.394366E+07	5.003047E-14	1.155379E+03	5.191386E+04	0.000000E+00	-2.921206E+01	-1.246576E+01
2.745000E+02	9.426637E+08	4.881153E+08	1.352312E+07	4.899517E-14	1.155927E+03	5.183420E+04	0.000000E+00	-2.922411E+01	-1.256089E+01
2.755000E+02	9.282003E+08	4.752579E+08	1.311577E+07	4.798413E-14	1.156463E+03	5.175573E+04	0.000000E+00	-2.923597E+01	-1.265445E+01
2.765000E+02	9.139789E+08	4.627531E+08	1.272117E+07	4.699671E-14	1.156987E+03	5.167840E+04	0.000000E+00	-2.924763E+01	-1.274646E+01
2.775000E+02	8.999948E+08	4.505908E+08	1.233889E+07	4.603227E-14	1.157500E+03	5.160218E+04	0.000000E+00	-2.925909E+01	-1.283696E+01
2.785000E+02	8.862436E+08	4.387611E+08	1.196852E+07	4.509022E-14	1.158001E+03	5.152702E+04	0.000000E+00	-2.927037E+01	-1.292595E+01
2.795000E+02	8.727206E+08	4.272542E+08	1.160969E+07	4.416996E-14	1.158491E+03	5.145289E+04	0.000000E+00	-2.928146E+01	-1.301348E+01
2.805000E+02	8.594216E+08	4.160608E+08	1.126199E+07	4.327092E-14	1.158971E+03	5.137974E+04	0.000000E+00	-2.929237E+01	-1.309956E+01
2.815000E+02	8.463422E+08	4.051720E+08	1.092509E+07	4.239255E-14	1.159440E+03	5.130755E+04	0.000000E+00	-2.930309E+01	-1.318422E+01
2.825000E+02	8.334784E+08	3.945790E+08	1.059862E+07	4.153431E-14	1.159899E+03	5.123628E+04	0.000000E+00	-2.931364E+01	-1.326748E+01
2.835000E+02	8.208259E+08	3.842732E+08	1.028224E+07	4.069568E-14	1.160348E+03	5.116589E+04	0.000000E+00	-2.932402E+01	-1.334936E+01
2.845000E+02	8.083809E+08	3.742465E+08	9.975628E+06	3.987615E-14	1.160786E+03	5.109637E+04	0.000000E+00	-2.933422E+01	-1.342989E+01
2.855000E+02	7.961395E+08	3.644910E+08	9.678465E+06	3.907523E-14	1.161216E+03	5.102768E+04	0.000000E+00	-2.934426E+01	-1.350908E+01
2.865000E+02	7.840978E+08	3.549988E+08	9.390446E+06	3.829244E-14	1.161635E+03	5.095978E+04	0.000000E+00	-2.935413E+01	-1.358697E+01
2.875000E+02	7.722522E+08	3.457625E+08	9.111279E+06	3.752732E-14	1.162046E+03	5.089265E+04	0.000000E+00	-2.936383E+01	-1.366357E+01
2.885000E+02	7.605990E+08	3.367749E+08	8.840676E+06	3.677942E-14	1.162448E+03	5.082624E+04	0.000000E+00	-2.937338E+01	-1.373891E+01
2.895000E+02	7.491347E+08	3.280288E+08	8.578362E+06	3.604831E-14	1.162840E+03	5.076053E+04	0.000000E+00	-2.938276E+01	-1.381300E+01
2.905000E+02	7.378558E+08	3.195177E+08	8.324077E+06	3.533355E-14	1.163225E+03	5.069558E+04	0.000000E+00	-2.939200E+01	-1.388586E+01
2.915000E+02	7.267589E+08	3.112347E+08	8.077560E+06	3.463474E-14	1.163600E+03	5.063140E+04	0.000000E+00	-2.940108E+01	-1.395753E+01
2.925000E+02	7.158408E+08	3.031734E+08	7.838563E+06	3.395147E-14	1.163968E+03	5.056789E+04	0.000000E+00	-2.941001E+01	-1.402800E+01
2.935000E+02	7.050981E+08	2.953278E+08	7.606849E+06	3.328335E-14	1.164328E+03	5.050482E+04	0.000000E+00	-2.941879E+01	-1.409731E+01
2.945000E+02	6.945279E+08	2.876916E+08	7.382183E+06	3.263001E-14	1.164679E+03	5.044197E+04	0.000000E+00	-2.942743E+01	-1.416548E+01
2.955000E+02	6.841268E+08	2.802590E+08	7.164342E+06	3.199108E-14	1.165023E+03	5.037937E+04	0.000000E+00	-2.943592E+01	-1.423252E+01
2.965000E+02	6.738918E+08	2.730246E+08	6.953119E+06	3.136621E-14	1.165360E+03	5.031732E+04	0.000000E+00	-2.944427E+01	-1.429845E+01
2.975000E+02	6.638199E+08	2.659827E+08	6.748305E+06	3.075505E-14	1.165689E+03	5.025614E+04	0.000000E+00	-2.945249E+01	-1.436329E+01
2.985000E+02	6.539080E+08	2.591281E+08	6.549693E+06	3.015725E-14	1.166010E+03	5.019613E+04	0.000000E+00	-2.946057E+01	-1.442706E+01
2.995000E+02	6.441529E+08	2.524551E+08	6.357075E+06	2.957246E-14	1.166325E+03	5.013761E+04	0.000000E+00	-2.946852E+01	-1.448978E+01
3.005000E+02	6.345515E+08	2.459583E+08	6.170242E+06	2.900034E-14	1.166633E+03	5.008089E+04	0.000000E+00	-2.947633E+01	-1.455146E+01
3.015000E+02	6.251009E+08	2.396321E+08	5.988988E+06	2.844053E-14	1.166935E+03	5.002628E+04	0.000000E+00	-2.948402E+01	-1.461212E+01
