-1.500000E+00	0.000000E+00	2.306254E+19	6.186987E+18	1.418918E-03	2.958844E+02	0.000000E+00	9.971927E-195	0.000000E+00	0.000000E+00
-5.000000E-01	0.000000E+00	2.092922E+19	5.614681E+18	1.287666E-03	2.935649E+02	0.000000E+00	2.454589E-190	0.000000E+00	0.000000E+00
5.000000E-01	0.000000E+00	1.892005E+19	5.075683E+18	1.164052E-03	2.901628E+02	0.000000E+00	5.406593E-186	0.000000E+00	0.000000E+00
1.500000E+00	0.000000E+00	1.706165E+19	4.577129E+18	1.049714E-03	2.858510E+02	0.000000E+00	1.065647E-181	2.889671E-01	7.232048E-02
2.500000E+00	0.000000E+00	1.538059E+19	4.126150E+18	9.462875E-04	2.808025E+02	0.000000E+00	1.879527E-177	7.641248E-01	1.061426E-01
3.500000E+00	0.000000E+00	1.389753E+19	3.728289E+18	8.550423E-04	2.750051E+02	0.000000E+00	2.966392E-173	1.449376E+00	9.964191E-02
4.500000E+00	0.000000E+00	1.257693E+19	3.374013E+18	7.737931E-04	2.678764E+02	0.000000E+00	4.189416E-169	2.372609E+00	3.943542E-02
5.500000E+00	0.000000E+00	1.137178E+19	3.050708E+18	6.996465E-04	2.603113E+02	0.000000E+00	5.294484E-165	3.593783E+00	-3.637722E-02
6.500000E+00	0.000000E+00	1.024232E+19	2.747708E+18	6.301568E-04	2.532014E+02	0.000000E+00	5.987407E-161	5.273825E+00	-5.676539E-02
7.500000E+00	0.000000E+00	9.186061E+18	2.464345E+18	5.651705E-04	2.461076E+02	0.000000E+00	6.058973E-157	7.760335E+00	-4.218017E-02
8.500000E+00	0.000000E+00	8.203866E+18	2.200851E+18	5.047411E-04	2.394397E+02	0.000000E+00	5.486613E-153	1.051567E+01	-3.179326E-03
9.500000E+00	0.000000E+00	7.290817E+18	1.955908E+18	4.485660E-04	2.336373E+02	0.000000E+00	4.445848E-149	1.270094E+01	6.787783E-02
1.050000E+01	0.000000E+00	6.432473E+18	1.725640E+18	3.957566E-04	2.282431E+02	0.000000E+00	3.223666E-145	1.326783E+01	2.044282E-01
1.150000E+01	0.000000E+00	5.641456E+18	1.513433E+18	3.470894E-04	2.236743E+02	0.000000E+00	2.091657E-141	1.360508E+01	3.550261E-01
1.250000E+01	0.000000E+00	4.927880E+18	1.322002E+18	3.031868E-04	2.202587E+02	0.000000E+00	1.214440E-137	1.347142E+01	4.686237E-01
1.350000E+01	0.000000E+00	4.269426E+18	1.145359E+18	2.626755E-04	2.171580E+02	0.000000E+00	6.309669E-134	1.226952E+01	5.776658E-01
1.450000E+01	0.000000E+00	3.677007E+18	9.864307E+17	2.262271E-04	2.151155E+02	0.000000E+00	2.933474E-130	1.049637E+01	6.529219E-01
1.550000E+01	0.000000E+00	3.161304E+18	8.480831E+17	1.944986E-04	2.148317E+02	0.000000E+00	1.220402E-126	8.641100E+00	6.567271E-01
1.650000E+01	0.000000E+00	2.697415E+18	7.236355E+17	1.659579E-04	2.149762E+02	0.000000E+00	4.543271E-123	6.283831E+00	6.062557E-01
1.750000E+01	0.000000E+00	2.292217E+18	6.149329E+17	1.410281E-04	2.152334E+02	0.000000E+00	1.513490E-119	3.749274E+00	5.323243E-01
1.850000E+01	0.000000E+00	1.953902E+18	5.241733E+17	1.202134E-04	2.157091E+02	0.000000E+00	4.511649E-116	1.424231E+00	4.500940E-01
1.950000E+01	0.000000E+00	1.660093E+18	4.453531E+17	1.021369E-04	2.169827E+02	0.000000E+00	1.203473E-112	-8.843132E-01	3.283225E-01
2.050000E+01	0.000000E+00	1.409089E+18	3.780163E+17	8.669391E-05	2.185889E+02	0.000000E+00	2.872646E-109	-2.997470E+00	2.300109E-01
2.150000E+01	0.000000E+00	1.201505E+18	3.223278E+17	7.392236E-05	2.199857E+02	0.000000E+00	6.135828E-106	-4.695453E+00	2.142280E-01
2.250000E+01	0.000000E+00	1.023567E+18	2.745923E+17	6.297473E-05	2.213201E+02	0.000000E+00	1.172760E-102	-6.126247E+00	2.155558E-01
2.350000E+01	0.000000E+00	8.722659E+17	2.340028E+17	5.366598E-05	2.226947E+02	0.000000E+00	2.005813E-99	-7.374192E+00	2.181843E-01
2.450000E+01	0.000000E+00	7.458733E+17	2.000954E+17	4.588970E-05	2.241401E+02	0.000000E+00	3.069846E-96	-8.478755E+00	2.490456E-01
2.550000E+01	0.000000E+00	6.369628E+17	1.708780E+17	3.918900E-05	2.256347E+02	0.000000E+00	4.204244E-93	-9.446170E+00	4.254143E-01
2.650000E+01	0.000000E+00	5.440452E+17	1.459510E+17	3.347227E-05	2.272351E+02	0.000000E+00	5.152336E-90	-1.033760E+01	6.606019E-01
2.750000E+01	0.000000E+00	4.661053E+17	1.250421E+17	2.867703E-05	2.290024E+02	0.000000E+00	5.650223E-87	-1.120670E+01	8.657402E-01
2.850000E+01	0.000000E+00	3.987314E+17	1.069677E+17	2.453187E-05	2.309407E+02	0.000000E+00	5.544623E-84	-1.202247E+01	1.100303E+00
2.950000E+01	0.000000E+00	3.411012E+17	9.150722E+16	2.098618E-05	2.330872E+02	0.000000E+00	4.868817E-81	-1.283667E+01	1.274747E+00
3.050000E+01	0.000000E+00	2.926386E+17	7.850617E+16	1.800453E-05	2.355178E+02	0.000000E+00	3.825780E-78	-1.369763E+01	1.293992E+00
3.150000E+01	0.000000E+00	2.505922E+17	6.722638E+16	1.541763E-05	2.383517E+02	0.000000E+00	2.690058E-75	-1.456567E+01	1.241853E+00
3.250000E+01	0.000000E+00	2.146641E+17	5.758794E+16	1.320716E-05	2.413901E+02	0.000000E+00	1.692576E-72	-1.552178E+01	1.170993E+00
3.350000E+01	0.000000E+00	1.847036E+17	4.955043E+16	1.136385E-05	2.444515E+02	0.000000E+00	9.529717E-70	-1.667268E+01	1.106997E+00
3.450000E+01	0.000000E+00	1.588791E+17	4.262250E+16	9.775003E-06	2.476567E+02	0.000000E+00	4.801277E-67	-1.807475E+01	1.031024E+00
3.550000E+01	0.000000E+00	1.368546E+17	3.671397E+16	8.419948E-06	2.508440E+02	0.000000E+00	2.164605E-64	-1.965324E+01	9.737722E-01
3.650000E+01	0.000000E+00	1.184383E+17	3.177343E+16	7.286889E-06	2.538403E+02	0.000000E+00	8.732639E-62	-2.137300E+01	9.848742E-01
3.750000E+01	0.000000E+00	1.025674E+17	2.751575E+16	6.310437E-06	2.567431E+02	0.000000E+00	3.152517E-59	-2.336789E+01	1.123031E+00
3.850000E+01	0.000000E+00	8.898652E+16	2.387241E+16	5.474877E-06	2.594700E+02	0.000000E+00	1.018391E-56	-2.537577E+01	1.340600E+00
3.950000E+01	0.000000E+00	7.752133E+16	2.079665E+16	4.769484E-06	2.619422E+02	0.000000E+00	2.943856E-54	-2.712013E+01	1.601342E+00
4.050000E+01	0.000000E+00	6.758239E+16	1.813033E+16	4.157993E-06	2.642834E+02	0.000000E+00	7.614890E-52	-2.869547E+01	1.994185E+00
4.150000E+01	0.000000E+00	5.902446E+16	1.583449E+16	3.631468E-06	2.663370E+02	0.000000E+00	1.762608E-49	-3.017179E+01	2.482534E+00
4.250000E+01	0.000000E+00	5.174104E+16	1.388057E+16	3.183357E-06	2.679971E+02	0.000000E+00	3.650842E-47	-3.156429E+01	3.027619E+00
4.350000E+01	0.000000E+00	4.539308E+16	1.217760E+16	2.792800E-06	2.695591E+02	0.000000E+00	6.766676E-45	-3.282736E+01	3.695299E+00
4.450000E+01	0.000000E+00	3.989039E+16	1.070139E+16	2.454248E-06	2.706604E+02	0.000000E+00	1.122284E-42	-3.411169E+01	4.421616E+00
4.550000E+01	0.000000E+00	3.516520E+16	9.433769E+15	2.163532E-06	2.709772E+02	0.000000E+00	1.665617E-40	-3.559540E+01	5.183486E+00
4.650000E+01	0.000000E+00	3.102284E+16	8.322498E+15	1.908674E-06	2.711110E+02	0.000000E+00	2.212038E-38	-3.730786E+01	6.128232E+00
4.750000E+01	0.000000E+00	2.740424E+16	7.351735E+15	1.686040E-06	2.711828E+02	0.000000E+00	2.628785E-36	-3.906347E+01	6.839421E+00
4.850000E+01	0.000000E+00	2.426281E+16	6.508983E+15	1.492764E-06	2.710643E+02	0.000000E+00	2.795521E-34	-4.069483E+01	6.941648E+00
4.950000E+01	0.000000E+00	2.148693E+16	5.764300E+15	1.321979E-06	2.702076E+02	0.000000E+00	2.660206E-32	-4.226300E+01	6.866406E+00
5.050000E+01	0.000000E+00	1.904255E+16	5.108546E+15	1.171589E-06	2.689211E+02	0.000000E+00	2.265234E-30	-4.376585E+01	6.728800E+00
5.150000E+01	0.000000E+00	1.690150E+16	4.534165E+15	1.039861E-06	2.675405E+02	0.000000E+00	1.726060E-28	-4.515301E+01	6.400889E+00
5.250000E+01	0.000000E+00	1.499600E+16	4.022977E+15	9.226257E-07	2.657595E+02	0.000000E+00	1.176911E-26	-4.637248E+01	5.337303E+00
5.350000E+01	0.000000E+00	1.330685E+16	3.569829E+15	8.187012E-07	2.636807E+02	0.000000E+00	7.180860E-25	-4.765917E+01	4.149811E+00
5.450000E+01	0.000000E+00	1.181791E+16	3.170391E+15	7.270945E-07	2.614550E+02	0.000000E+00	3.920617E-23	-4.928374E+01	3.473467E+00
5.550000E+01	0.000000E+00	1.048543E+16	2.812927E+15	6.451141E-07	2.589456E+02	0.000000E+00	1.915479E-21	-5.132968E+01	2.954771E+00
5.650000E+01	0.000000E+00	9.298647E+15	2.494548E+15	5.720973E-07	2.562300E+02	0.000000E+00	8.374240E-20	-5.358071E+01	2.622346E+00
5.750000E+01	0.000000E+00	8.248513E+15	2.212853E+15	5.074893E-07	2.534033E+02	0.000000E+00	3.276110E-18	-5.588747E+01	2.629060E+00
5.850000E+01	0.000000E+00	7.305118E+15	1.959874E+15	4.494528E-07	2.503927E+02	0.000000E+00	1.146877E-16	-5.844434E+01	2.995118E+00
5.950000E+01	0.000000E+00	6.462745E+15	1.733881E+15	3.976255E-07	2.472571E+02	0.000000E+00	3.592691E-15	-6.084576E+01	3.529766E+00
6.050000E+01	0.000000E+00	5.716720E+15	1.533494E+15	3.517130E-07	2.440646E+02	0.000000E+00	1.007090E-13	-6.270863E+01	4.072467E+00
6.150000E+01	0.000000E+00	5.045379E+15	1.353184E+15	3.103978E-07	2.407725E+02	0.000000E+00	2.526164E-12	-6.435139E+01	4.730630E+00
6.250000E+01	0.000000E+00	4.445879E+15	1.191773E+15	2.734826E-07	2.374245E+02	0.000000E+00	5.670220E-11	-6.562030E+01	5.446868E+00
6.350000E+01	0.000000E+00	3.916112E+15	1.048198E+15	2.408110E-07	2.340694E+02	0.000000E+00	1.138894E-09	-6.634584E+01	6.156707E+00
6.450000E+01	0.000000E+00	3.439761E+15	9.182633E+14	2.113892E-07	2.306797E+02	0.000000E+00	2.046972E-08	-6.689368E+01	6.931941E+00
6.550000E+01	0.000000E+00	3.015267E+15	8.023856E+14	1.851657E-07	2.272879E+02	0.000000E+00	3.292194E-07	-6.722816E+01	7.622565E+00
6.650000E+01	0.000000E+00	2.641657E+15	7.010057E+14	1.621179E-07	2.239296E+02	0.000000E+00	4.738098E-06	-6.715568E+01	8.093810E+00
6.750000E+01	0.000000E+00	2.306455E+15	6.103629E+14	1.414564E-07	2.205845E+02	0.000000E+00	6.101937E-05	-6.630713E+01	8.498592E+00
6.850000E+01	0.000000E+00	2.008935E+15	5.301436E+14	1.231300E-07	2.172769E+02	0.000000E+00	7.031961E-04	-6.489922E+01	8.761321E+00
6.950000E+01	0.000000E+00	1.748782E+15	4.602444E+14	1.071183E-07	2.140439E+02	0.000000E+00	7.251540E-03	-6.291200E+01	8.696351E+00
7.050000E+01	0.000000E+00	1.516208E+15	3.979074E+14	9.281226E-08	2.108948E+02	0.000000E+00	6.691586E-02	-5.910590E+01	7.990206E+00
7.150000E+01	0.000000E+00	1.311174E+15	3.431265E+14	8.020956E-08	2.077578E+02	0.000000E+00	5.525518E-01	-5.445517E+01	6.893679E+00
7.250000E+01	1.157625E+06	1.134038E+15	2.960159E+14	6.933304E-08	2.045692E+02	1.273199E-05	4.082836E+00	-4.995813E+01	5.608044E+00
7.350000E+01	9.948578E+06	9.771144E+14	2.544374E+14	5.970595E-08	2.013581E+02	1.145879E-04	2.699579E+01	-4.491926E+01	3.719461E+00
7.450000E+01	2.632925E+07	8.397959E+14	2.181492E+14	5.128670E-08	1.980991E+02	3.182998E-04	1.597258E+02	-4.036451E+01	1.495601E+00
7.550000E+01	5.958222E+07	7.219732E+14	1.870582E+14	4.406516E-08	1.947377E+02	1.790363E+04	8.456666E+02	-3.746487E+01	-7.842318E-01
7.650000E+01	1.696802E+08	6.182882E+14	1.597307E+14	3.771188E-08	1.912307E+02	1.601078E+05	4.006530E+03	-3.558992E+01	-3.380981E+00
7.750000E+01	3.608201E+08	5.278970E+14	1.359502E+14	3.217548E-08	1.877513E+02	4.418968E+05	1.698567E+04	-3.382601E+01	-5.869397E+00
7.850000E+01	7.080759E+08	4.502688E+14	1.155774E+14	2.742346E-08	1.844500E+02	4.111883E+06	6.443798E+04	-3.149163E+01	-7.869574E+00
7.950000E+01	1.657049E+09	3.818063E+14	9.763777E+13	2.323399E-08	1.812256E+02	2.526403E+07	2.187491E+05	-2.873305E+01	-9.803414E+00
8.050000E+01	3.186610E+09	3.224085E+14	8.210819E+13	1.960111E-08	1.781979E+02	5.331789E+07	6.645011E+05	-2.537854E+01	-1.115306E+01
8.150000E+01	5.528316E+09	2.720818E+14	6.899494E+13	1.652547E-08	1.754782E+02	7.735105E+07	1.806301E+06	-2.096519E+01	-1.143754E+01
8.250000E+01	1.036374E+10	2.280281E+14	5.754018E+13	1.383448E-08	1.729209E+02	1.043519E+08	4.393693E+06	-1.465422E+01	-1.150598E+01
8.350000E+01	1.730474E+10	1.902167E+14	4.773730E+13	1.152643E-08	1.706841E+02	1.243114E+08	9.563444E+06	-7.420715E+00	-1.154129E+01
8.450000E+01	2.632811E+10	1.587469E+14	3.961535E+13	9.607615E-09	1.688689E+02	1.259403E+08	1.862705E+07	-2.431741E-01	-1.149710E+01
8.550000E+01	4.039721E+10	1.315182E+14	3.260690E+13	7.948481E-09	1.671400E+02	1.162788E+08	3.246525E+07	7.369706E+00	-1.115829E+01
8.650000E+01	5.778797E+10	1.084578E+14	2.669412E+13	6.544688E-09	1.659430E+02	1.028889E+08	5.063356E+07	1.504150E+01	-1.061065E+01
8.750000E+01	7.692310E+10	8.961702E+13	2.189295E+13	5.399578E-09	1.656706E+02	9.076743E+07	7.066483E+07	2.233514E+01	-9.912268E+00
8.850000E+01	1.003042E+11	7.351778E+13	1.780492E+13	4.422008E-09	1.655912E+02	7.760889E+07	8.824969E+07	2.958473E+01	-8.758690E+00
8.950000E+01	1.246238E+11	6.006757E+13	1.440698E+13	3.606330E-09	1.655499E+02	6.500947E+07	9.862071E+07	3.627965E+01	-7.272012E+00
9.050000E+01	1.466979E+11	4.927287E+13	1.170299E+13	2.953042E-09	1.657380E+02	5.510898E+07	9.862071E+07	4.213749E+01	-5.406082E+00
9.150000E+01	1.689353E+11	4.015867E+13	9.430959E+12	2.402145E-09	1.670308E+02	4.664970E+07	8.824969E+07	4.816156E+01	-2.506564E+00
9.250000E+01	1.877502E+11	3.264198E+13	7.569672E+12	1.948498E-09	1.689667E+02	3.951432E+07	7.066483E+07	5.235412E+01	-1.489819E-01
9.350000E+01	1.998181E+11	2.671318E+13	6.117886E+12	1.591508E-09	1.710320E+02	3.386790E+07	5.063356E+07	5.283999E+01	2.625049E-02
9.450000E+01	2.097006E+11	2.177286E+13	4.915709E+12	1.294457E-09	1.736755E+02	2.915300E+07	3.246525E+07	5.171693E+01	-1.400995E+00
9.550000E+01	2.159706E+11	1.773545E+13	3.941577E+12	1.052095E-09	1.767464E+02	2.525157E+07	1.862705E+07	4.974269E+01	-3.644844E+00
9.650000E+01	2.164258E+11	1.456743E+13	3.187949E+12	8.623750E-10	1.800228E+02	2.211674E+07	9.563444E+06	4.638255E+01	-6.694393E+00
9.750000E+01	2.132868E+11	1.194237E+13	2.568426E+12	7.053996E-10	1.837052E+02	1.949423E+07	4.393693E+06	3.810454E+01	-1.233931E+01
9.850000E+01	2.083606E+11	9.802004E+12	2.068581E+12	5.776262E-10	1.876570E+02	1.730410E+07	1.806301E+06	2.717202E+01	-1.716763E+01
9.950000E+01	2.024055E+11	8.116956E+12	1.681731E+12	4.772793E-10	1.917034E+02	1.549338E+07	6.645011E+05	1.600578E+01	-1.741014E+01
1.005000E+02	1.932500E+11	6.721521E+12	1.364414E+12	3.943002E-10	1.959196E+02	1.395738E+07	2.187491E+05	2.844404E+00	-1.357330E+01
1.015000E+02	1.825029E+11	5.578508E+12	1.107817E+12	3.264544E-10	2.003121E+02	1.264499E+07	6.443798E+04	-1.057820E+01	-7.487105E+00
1.025000E+02	1.720411E+11	4.665496E+12	9.070352E+11	2.724049E-10	2.048513E+02	1.151567E+07	1.698567E+04	-2.257031E+01	1.789952E-01
1.035000E+02	1.610536E+11	3.903543E+12	7.414136E+11	2.273694E-10	2.095239E+02	1.053320E+07	4.006530E+03	-3.488271E+01	1.272553E+01
1.045000E+02	1.499297E+11	3.273266E+12	6.065516E+11	1.901919E-10	2.144500E+02	9.668312E+06	8.456666E+02	-4.446256E+01	2.701606E+01
1.055000E+02	1.392735E+11	2.761586E+12	4.997428E+11	1.601001E-10	2.197363E+02	8.894533E+06	1.597258E+02	-4.849141E+01	3.972097E+01
1.065000E+02	1.288119E+11	2.330045E+12	4.109531E+11	1.347680E-10	2.253594E+02	8.201136E+06	2.699579E+01	-5.091860E+01	5.259412E+01
1.075000E+02	1.187226E+11	1.969328E+12	3.381265E+11	1.136410E-10	2.314604E+02	7.573095E+06	4.082836E+00	-5.231143E+01	6.378256E+01
1.085000E+02	1.092362E+11	1.672777E+12	2.799553E+11	9.632752E-11	2.382019E+02	6.995155E+06	5.525518E-01	-5.211137E+01	7.141160E+01
1.095000E+02	1.001806E+11	1.420288E+12	2.312883E+11	8.161719E-11	2.456662E+02	6.463476E+06	6.691586E-02	-4.961696E+01	7.794249E+01
1.105000E+02	9.165513E+10	1.207599E+12	1.911749E+11	6.925462E-11	2.539150E+02	5.972373E+06	7.251540E-03	-4.626167E+01	8.216475E+01
1.115000E+02	8.377114E+10	1.031654E+12	1.590253E+11	5.905906E-11	2.630637E+02	5.515061E+06	7.031961E-04	-4.343629E+01	8.244570E+01
1.125000E+02	7.636741E+10	8.809728E+11	1.320411E+11	5.034595E-11	2.733738E+02	5.087625E+06	6.101937E-05	-4.055821E+01	8.013000E+01
1.135000E+02	6.952596E+10	7.536136E+11	1.097594E+11	4.299751E-11	2.847001E+02	4.690367E+06	4.738098E-06	-3.798424E+01	7.654075E+01
1.145000E+02	6.333355E+10	6.483173E+11	9.191664E+10	3.693775E-11	2.969391E+02	4.322771E+06	3.292194E-07	-3.615318E+01	7.229317E+01
1.155000E+02	5.762610E+10	5.581425E+11	7.695281E+10	3.175789E-11	3.104365E+02	3.979501E+06	2.046972E-08	-3.453337E+01	6.592186E+01
1.165000E+02	5.244020E+10	4.818416E+11	6.458343E+10	2.738307E-11	3.249241E+02	3.661872E+06	1.138894E-09	-3.347034E+01	5.875865E+01
1.175000E+02	4.781869E+10	4.186285E+11	5.464395E+10	2.376600E-11	3.401839E+02	3.370930E+06	5.670220E-11	-3.343929E+01	5.232750E+01
1.185000E+02	4.361084E+10	3.643898E+11	4.629088E+10	2.066710E-11	3.566303E+02	3.100798E+06	2.526164E-12	-3.430763E+01	4.606173E+01
1.195000E+02	3.984850E+10	3.184788E+11	3.937228E+10	1.804782E-11	3.736170E+02	2.853413E+06	1.007090E-13	-3.567532E+01	4.011939E+01
1.205000E+02	3.656932E+10	2.805231E+11	3.380108E+10	1.588570E-11	3.905470E+02	2.630757E+06	3.592691E-15	-3.734404E+01	3.482888E+01
1.215000E+02	3.363816E+10	2.480439E+11	2.912062E+10	1.403759E-11	4.078852E+02	2.426973E+06	1.146877E-16	-3.994342E+01	2.998027E+01
1.225000E+02	3.105427E+10	2.205034E+11	2.522586E+10	1.247232E-11	4.248412E+02	2.242430E+06	3.276110E-18	-4.300557E+01	2.556753E+01
1.235000E+02	2.883333E+10	1.976031E+11	2.205471E+10	1.117245E-11	4.405167E+02	2.078180E+06	8.374240E-20	-4.601218E+01	2.162125E+01
1.245000E+02	2.689230E+10	1.780826E+11	1.938821E+10	1.006542E-11	4.551759E+02	1.930296E+06	1.915479E-21	-4.926085E+01	1.801943E+01
1.255000E+02	2.516656E+10	1.612573E+11	1.713116E+10	9.112227E-12	4.692539E+02	1.795960E+06	3.920617E-23	-5.242751E+01	1.479072E+01
1.265000E+02	2.360474E+10	1.465840E+11	1.521045E+10	8.281986E-12	4.830663E+02	1.672905E+06	7.180860E-25	-5.521870E+01	1.196527E+01
1.275000E+02	2.218674E+10	1.336372E+11	1.354412E+10	7.550104E-12	4.965461E+02	1.559667E+06	1.176911E-26	-5.803355E+01	9.425350E+00
1.285000E+02	2.089962E+10	1.222241E+11	1.210319E+10	6.905551E-12	5.096585E+02	1.455705E+06	1.726060E-28	-6.017434E+01	7.190678E+00
1.295000E+02	1.972822E+10	1.121517E+11	1.086106E+10	6.337337E-12	5.224062E+02	1.360378E+06	2.265234E-30	-6.100928E+01	5.294938E+00
1.305000E+02	1.865605E+10	1.031606E+11	9.771055E+09	5.830547E-12	5.348116E+02	1.272375E+06	2.660206E-32	-6.148290E+01	3.657509E+00
1.315000E+02	1.767333E+10	9.513113E+10	8.816275E+09	5.378362E-12	5.468785E+02	1.191269E+06	2.795521E-34	-6.175046E+01	2.203369E+00
1.325000E+02	1.677077E+10	8.795479E+10	7.982284E+09	4.974596E-12	5.586107E+02	1.116670E+06	2.628785E-36	-6.160055E+01	8.890432E-01
1.335000E+02	1.593794E+10	8.148073E+10	7.242776E+09	4.610622E-12	5.700281E+02	1.047597E+06	2.212038E-38	-6.038446E+01	-2.565461E-01
1.345000E+02	1.516854E+10	7.563838E+10	6.588108E+09	4.282411E-12	5.811343E+02	9.837622E+05	1.665617E-40	-5.865469E+01	-1.371960E+00
1.355000E+02	1.445653E+10	7.036309E+10	6.009956E+09	3.986280E-12	5.919326E+02	9.249098E+05	1.122284E-42	-5.698244E+01	-2.585166E+00
1.365000E+02	1.379509E+10	6.556249E+10	5.492790E+09	3.716973E-12	6.024415E+02	8.702958E+05	6.766676E-45	-5.502626E+01	-3.828044E+00
1.375000E+02	1.317996E+10	6.119289E+10	5.030827E+09	3.471994E-12	6.126642E+02	8.197165E+05	3.650842E-47	-5.309148E+01	-5.195745E+00
1.385000E+02	1.260705E+10	5.721400E+10	4.619027E+09	3.249047E-12	6.226038E+02	7.729924E+05	1.762608E-49	-5.149371E+01	-6.818493E+00
1.395000E+02	1.207176E+10	5.356673E+10	4.247869E+09	3.044788E-12	6.322773E+02	7.295561E+05	7.614890E-52	-4.990517E+01	-8.755489E+00
1.405000E+02	1.157110E+10	5.022297E+10	3.913744E+09	2.857612E-12	6.416875E+02	6.892566E+05	2.943856E-54	-4.878431E+01	-1.095742E+01
1.415000E+02	1.110223E+10	4.715662E+10	3.613475E+09	2.686028E-12	6.508374E+02	6.519618E+05	1.018391E-56	-4.855409E+01	-1.341200E+01
1.425000E+02	1.066194E+10	4.432848E+10	3.341038E+09	2.527832E-12	6.597425E+02	6.172375E+05	3.152517E-59	-4.850341E+01	-1.626510E+01
1.435000E+02	1.024810E+10	4.171984E+10	3.094104E+09	2.381957E-12	6.684055E+02	5.849680E+05	8.732639E-62	-4.847734E+01	-1.933764E+01
1.445000E+02	9.858671E+09	3.931328E+10	2.870606E+09	2.247404E-12	6.768290E+02	5.550528E+05	2.164605E-64	-4.858679E+01	-2.245505E+01
1.455000E+02	9.491362E+09	3.708193E+10	2.666623E+09	2.122675E-12	6.850274E+02	5.271588E+05	4.801277E-67	-4.932825E+01	-2.573493E+01
1.465000E+02	9.144624E+09	3.501300E+10	2.480612E+09	2.007038E-12	6.930031E+02	5.011956E+05	9.529717E-70	-5.040017E+01	-2.902844E+01
1.475000E+02	8.816955E+09	3.309453E+10	2.311192E+09	1.899808E-12	7.007585E+02	4.770850E+05	1.692576E-72	-5.146174E+01	-3.218748E+01
1.485000E+02	8.506694E+09	3.130761E+10	2.155745E+09	1.799936E-12	7.083068E+02	4.545708E+05	2.690058E-75	-5.270954E+01	-3.532930E+01
1.495000E+02	8.212689E+09	2.964327E+10	2.013225E+09	1.706910E-12	7.156503E+02	4.335818E+05	3.825780E-78	-5.405160E+01	-3.826765E+01
1.505000E+02	7.933818E+09	2.809310E+10	1.882688E+09	1.620248E-12	7.227912E+02	4.140561E+05	4.868817E-81	-5.535992E+01	-4.085459E+01
1.515000E+02	7.668850E+09	2.664349E+10	1.762347E+09	1.539199E-12	7.297415E+02	3.957964E+05	5.544623E-84	-5.671661E+01	-4.333728E+01
1.525000E+02	7.416915E+09	2.528800E+10	1.651478E+09	1.463396E-12	7.365034E+02	3.787463E+05	5.650223E-87	-5.800388E+01	-4.535063E+01
1.535000E+02	7.177165E+09	2.402062E+10	1.549423E+09	1.392493E-12	7.430789E+02	3.628562E+05	5.152336E-90	-5.911052E+01	-4.657666E+01
1.545000E+02	6.948668E+09	2.283130E+10	1.454936E+09	1.325941E-12	7.494791E+02	3.479740E+05	4.204244E-93	-6.015413E+01	-4.754342E+01
1.555000E+02	6.730760E+09	2.171537E+10	1.367507E+09	1.263472E-12	7.557060E+02	3.340548E+05	3.069846E-96	-6.100282E+01	-4.814582E+01
1.565000E+02	6.522789E+09	2.066844E+10	1.286671E+09	1.204834E-12	7.617613E+02	3.210587E+05	2.005813E-99	-6.153755E+01	-4.812395E+01
1.575000E+02	6.324040E+09	1.968302E+10	1.211540E+09	1.149618E-12	7.676554E+02	3.088683E+05	1.172760E-102	-6.196900E+01	-4.738320E+01
1.585000E+02	6.133996E+09	1.875554E+10	1.141749E+09	1.097622E-12	7.733900E+02	2.974475E+05	6.135828E-106	-6.224007E+01	-4.623328E+01
1.595000E+02	5.952155E+09	1.788257E+10	1.076965E+09	1.048651E-12	7.789667E+02	2.867645E+05	2.872646E-109	-6.226414E+01	-4.489268E+01
1.605000E+02	5.777954E+09	1.705838E+10	1.016542E+09	1.002395E-12	7.843951E+02	2.767279E+05	1.203473E-112	-6.215746E+01	-4.294493E+01
1.615000E+02	5.610991E+09	1.628062E+10	9.602180E+08	9.587142E-13	7.896767E+02	2.673092E+05	4.511649E-116	-6.198300E+01	-4.061492E+01
1.625000E+02	5.450870E+09	1.554705E+10	9.077489E+08	9.174799E-13	7.948131E+02	2.584826E+05	1.513490E-119	-6.174964E+01	-3.817452E+01
1.635000E+02	5.297145E+09	1.485316E+10	8.586588E+08	8.784487E-13	7.998129E+02	2.501770E+05	4.543271E-123	-6.133537E+01	-3.543239E+01
1.645000E+02	5.149496E+09	1.419684E+10	8.127542E+08	8.415007E-13	8.046777E+02	2.423695E+05	1.220402E-126	-6.081920E+01	-3.250962E+01
1.655000E+02	5.007613E+09	1.357609E+10	7.698559E+08	8.065230E-13	8.094088E+02	2.350393E+05	2.933474E-130	-6.029022E+01	-2.955539E+01
1.665000E+02	4.871132E+09	1.298747E+10	7.296068E+08	7.733299E-13	8.140143E+02	2.281310E+05	6.309669E-134	-5.969334E+01	-2.647494E+01
1.675000E+02	4.739800E+09	1.242946E+10	6.918630E+08	7.418347E-13	8.184955E+02	2.216261E+05	1.214440E-137	-5.906406E+01	-2.338397E+01
1.685000E+02	4.613367E+09	1.190061E+10	6.564909E+08	7.119541E-13	8.228537E+02	2.155080E+05	2.091657E-141	-5.844842E+01	-2.040774E+01
1.695000E+02	4.491537E+09	1.139817E+10	6.232187E+08	6.835400E-13	8.270962E+02	2.097329E+05	3.223666E-145	-5.782392E+01	-1.747594E+01
1.705000E+02	4.374106E+09	1.092094E+10	5.919382E+08	6.565245E-13	8.312244E+02	2.042861E+05	4.445848E-149	-5.721186E+01	-1.466270E+01
1.715000E+02	4.260871E+09	1.046779E+10	5.625487E+08	6.308423E-13	8.352394E+02	1.991541E+05	5.486613E-153	-5.663868E+01	-1.205364E+01
1.725000E+02	4.151588E+09	1.003651E+10	5.348405E+08	6.063752E-13	8.391479E+02	1.943024E+05	6.058973E-157	-5.609268E+01	-9.595220E+00
1.735000E+02	4.046090E+09	9.626156E+09	5.087312E+08	5.830695E-13	8.429511E+02	1.897192E+05	5.987407E-161	-5.557327E+01	-7.291009E+00
1.745000E+02	3.944213E+09	9.235849E+09	4.841444E+08	5.608740E-13	8.466501E+02	1.853935E+05	5.294484E-165	-5.508303E+01	-5.153980E+00
1.755000E+02	3.845752E+09	8.863784E+09	4.609160E+08	5.396929E-13	8.502511E+02	1.812979E+05	4.189416E-169	-5.461748E+01	-3.151995E+00
1.765000E+02	3.750571E+09	8.509222E+09	4.389829E+08	5.194836E-13	8.537553E+02	1.774229E+05	2.966392E-173	-5.417684E+01	-1.290763E+00
1.775000E+02	3.658533E+09	8.171459E+09	4.182864E+08	5.002053E-13	8.571635E+02	1.737596E+05	1.879527E-177	-5.376161E+01	4.230551E-01
1.785000E+02	3.569468E+09	7.849020E+09	3.986967E+08	4.817800E-13	8.604815E+02	1.702861E+05	1.065647E-181	-5.336821E+01	2.018999E+00
1.795000E+02	3.483262E+09	7.541313E+09	3.801652E+08	4.641735E-13	8.637103E+02	1.669948E+05	5.406593E-186	-5.299689E+01	3.491173E+00
1.805000E+02	3.399802E+09	7.247777E+09	3.626460E+08	4.473530E-13	8.668508E+02	1.638783E+05	2.454589E-190	-5.264799E+01	4.833363E+00
1.815000E+02	3.318943E+09	6.967194E+09	3.460357E+08	4.312543E-13	8.699082E+02	1.609191E+05	9.971927E-195	-5.231833E+01	6.073925E+00
1.825000E+02	3.240589E+09	6.699086E+09	3.302962E+08	4.158497E-13	8.728835E+02	1.581109E+05	3.625137E-199	-5.200792E+01	7.207736E+00
1.835000E+02	3.164648E+09	6.443002E+09	3.153916E+08	4.011130E-13	8.757776E+02	1.554478E+05	1.179274E-203	-5.171690E+01	8.229211E+00
1.845000E+02	3.090995E+09	6.197928E+09	3.012387E+08	3.869906E-13	8.785951E+02	1.529158E+05	3.432813E-208	-5.144257E+01	9.164995E+00
1.855000E+02	3.019550E+09	5.963477E+09	2.878073E+08	3.734601E-13	8.813371E+02	1.505095E+05	8.941917E-213	-5.118465E+01	1.001111E+01
1.865000E+02	2.950233E+09	5.739284E+09	2.750693E+08	3.605001E-13	8.840042E+02	1.482242E+05	2.084280E-217	-5.094305E+01	1.076289E+01
1.875000E+02	2.882940E+09	5.524498E+09	2.629568E+08	3.480659E-13	8.866008E+02	1.460484E+05	4.347371E-222	-5.071564E+01	1.144440E+01
1.885000E+02	2.817601E+09	5.318805E+09	2.514459E+08	3.361391E-13	8.891279E+02	1.439779E+05	8.114138E-227	-5.050183E+01	1.205344E+01
1.895000E+02	2.754150E+09	5.121905E+09	2.405144E+08	3.247022E-13	8.915860E+02	1.420086E+05	1.355199E-231	-5.030118E+01	1.258670E+01
1.905000E+02	2.692494E+09	4.933082E+09	2.301065E+08	3.137175E-13	8.939793E+02	1.401314E+05	2.025391E-236	-5.011229E+01	1.306433E+01
1.915000E+02	2.632578E+09	4.752078E+09	2.202033E+08	3.031700E-13	8.963085E+02	1.383425E+05	2.708692E-241	-4.993416E+01	1.348682E+01
1.925000E+02	2.574342E+09	4.578646E+09	2.107867E+08	2.930451E-13	8.985743E+02	1.366388E+05	3.241571E-246	-4.976600E+01	1.385305E+01
1.935000E+02	2.517708E+09	4.412179E+09	2.018110E+08	2.833110E-13	9.007803E+02	1.350126E+05	3.471334E-251	-4.960722E+01	1.417704E+01
1.945000E+02	2.462626E+09	4.252464E+09	1.932607E+08	2.739551E-13	9.029273E+02	1.334610E+05	3.326461E-256	-4.945637E+01	1.446339E+01
1.955000E+02	2.409047E+09	4.099298E+09	1.851214E+08	2.649655E-13	9.050158E+02	1.319812E+05	2.852420E-261	-4.931227E+01	1.471440E+01
1.965000E+02	2.356902E+09	3.952163E+09	1.773550E+08	2.563150E-13	9.070493E+02	1.305671E+05	2.188717E-266	-4.917513E+01	1.493540E+01
1.975000E+02	2.306148E+09	3.810881E+09	1.699490E+08	2.479932E-13	9.090285E+02	1.292161E+05	1.502833E-271	-4.904316E+01	1.513584E+01
1.985000E+02	2.256743E+09	3.675284E+09	1.628918E+08	2.399900E-13	9.109538E+02	1.279259E+05	9.233726E-277	-4.891464E+01	1.532345E+01
1.995000E+02	2.208626E+09	3.544928E+09	1.561515E+08	2.322823E-13	9.128285E+02	1.266914E+05	5.076779E-282	-4.879023E+01	1.549594E+01
2.005000E+02	2.161761E+09	3.419666E+09	1.497179E+08	2.248613E-13	9.146531E+02	1.255106E+05	2.497725E-287	-4.866879E+01	1.566030E+01
2.015000E+02	2.116111E+09	3.299356E+09	1.435815E+08	2.177186E-13	9.164281E+02	1.243814E+05	1.099628E-292	-4.854898E+01	1.582409E+01
2.025000E+02	2.071621E+09	3.183618E+09	1.377155E+08	2.108343E-13	9.181565E+02	1.232998E+05	4.332040E-298	-4.843115E+01	1.598506E+01
2.035000E+02	2.028262E+09	3.072325E+09	1.321116E+08	2.042009E-13	9.198387E+02	1.222638E+05	1.527158E-303	-4.831532E+01	1.614298E+01
2.045000E+02	1.986000E+09	2.965363E+09	1.267619E+08	1.978114E-13	9.214753E+02	1.212719E+05	4.817486E-309	-4.820139E+01	1.629854E+01
2.055000E+02	1.944789E+09	2.862399E+09	1.216439E+08	1.916486E-13	9.230689E+02	1.203206E+05	1.383384E-314	-4.808931E+01	1.645163E+01
2.065000E+02	1.904600E+09	2.763329E+09	1.167507E+08	1.857062E-13	9.246200E+02	1.194084E+05	0.000000E+00	-4.797907E+01	1.660219E+01
2.075000E+02	1.865407E+09	2.668054E+09	1.120759E+08	1.799783E-13	9.261290E+02	1.185338E+05	0.000000E+00	-4.787068E+01	1.675024E+01
2.085000E+02	1.827166E+09	2.576288E+09	1.076002E+08	1.744498E-13	9.275984E+02	1.176940E+05	0.000000E+00	-4.776407E+01	1.689586E+01
2.095000E+02	1.789854E+09	2.487942E+09	1.033179E+08	1.691156E-13	9.290287E+02	1.168877E+05	0.000000E+00	-4.765921E+01	1.703908E+01
2.105000E+02	1.753447E+09	2.402933E+09	9.922377E+07	1.639704E-13	9.304202E+02	1.161137E+05	0.000000E+00	-4.755611E+01	1.717991E+01
2.115000E+02	1.717906E+09	2.321011E+09	9.530142E+07	1.590013E-13	9.317753E+02	1.153696E+05	0.000000E+00	-4.745469E+01	1.731843E+01
2.125000E+02	1.683211E+09	2.242101E+09	9.154608E+07	1.542039E-13	9.330942E+02	1.146542E+05	0.000000E+00	-4.735495E+01	1.745467E+01
2.135000E+02	1.649341E+09	2.166132E+09	8.795336E+07	1.495736E-13	9.343775E+02	1.139666E+05	0.000000E+00	-4.725688E+01	1.758862E+01
2.145000E+02	1.616261E+09	2.092885E+09	8.450924E+07	1.450992E-13	9.356271E+02	1.133048E+05	0.000000E+00	-4.716041E+01	1.772039E+01
2.155000E+02	1.583953E+09	2.022297E+09	8.120974E+07	1.407768E-13	9.368435E+02	1.126678E+05	0.000000E+00	-4.706553E+01	1.784998E+01
2.165000E+02	1.552400E+09	1.954308E+09	7.805120E+07	1.366027E-13	9.380271E+02	1.120546E+05	0.000000E+00	-4.697224E+01	1.797741E+01
2.175000E+02	1.521569E+09	1.888725E+09	7.502156E+07	1.325669E-13	9.391796E+02	1.114637E+05	0.000000E+00	-4.688047E+01	1.810275E+01
2.185000E+02	1.491445E+09	1.825495E+09	7.211751E+07	1.286661E-13	9.403015E+02	1.108942E+05	0.000000E+00	-4.679022E+01	1.822602E+01
2.195000E+02	1.462011E+09	1.764566E+09	6.933595E+07	1.248970E-13	9.413931E+02	1.103453E+05	0.000000E+00	-4.670148E+01	1.834723E+01
2.205000E+02	1.433240E+09	1.705769E+09	6.666652E+07	1.212510E-13	9.424562E+02	1.098157E+05	0.000000E+00	-4.661419E+01	1.846645E+01
2.215000E+02	1.405117E+09	1.649058E+09	6.410640E+07	1.177251E-13	9.434910E+02	1.093046E+05	0.000000E+00	-4.652834E+01	1.858371E+01
2.225000E+02	1.377629E+09	1.594389E+09	6.165300E+07	1.143166E-13	9.444979E+02	1.088113E+05	0.000000E+00	-4.644393E+01	1.869901E+01
2.235000E+02	1.350748E+09	1.541612E+09	5.929735E+07	1.110178E-13	9.454785E+02	1.083348E+05	0.000000E+00	-4.636089E+01	1.881242E+01
2.245000E+02	1.324464E+09	1.490689E+09	5.703709E+07	1.078261E-13	9.464330E+02	1.078743E+05	0.000000E+00	-4.627923E+01	1.892396E+01
2.255000E+02	1.298764E+09	1.441580E+09	5.487001E+07	1.047393E-13	9.473619E+02	1.074293E+05	0.000000E+00	-4.619894E+01	1.903364E+01
2.265000E+02	1.273623E+09	1.394155E+09	5.278834E+07	1.017504E-13	9.482665E+02	1.069988E+05	0.000000E+00	-4.611995E+01	1.914152E+01
2.275000E+02	1.249032E+09	1.348378E+09	5.079008E+07	9.885731E-14	9.491471E+02	1.065822E+05	0.000000E+00	-4.604227E+01	1.924762E+01
2.285000E+02	1.224979E+09	1.304218E+09	4.887335E+07	9.605794E-14	9.500040E+02	1.061790E+05	0.000000E+00	-4.596589E+01	1.935195E+01
2.295000E+02	1.201442E+09	1.261558E+09	4.703140E+07	9.334628E-14	9.508385E+02	1.057886E+05	0.000000E+00	-4.589076E+01	1.945457E+01
2.305000E+02	1.178412E+09	1.220368E+09	4.526253E+07	9.072042E-14	9.516509E+02	1.054102E+05	0.000000E+00	-4.581687E+01	1.955549E+01
2.315000E+02	1.155879E+09	1.180619E+09	4.356514E+07	8.817852E-14	9.524415E+02	1.050435E+05	0.000000E+00	-4.574422E+01	1.965473E+01
2.325000E+02	1.133823E+09	1.142208E+09	4.193335E+07	8.571527E-14	9.532115E+02	1.046878E+05	0.000000E+00	-4.567275E+01	1.975234E+01
2.335000E+02	1.112236E+09	1.105110E+09	4.036570E+07	8.332900E-14	9.539611E+02	1.043427E+05	0.000000E+00	-4.560246E+01	1.984835E+01
2.345000E+02	1.091109E+09	1.069300E+09	3.886084E+07	8.101810E-14	9.546905E+02	1.040077E+05	0.000000E+00	-4.553335E+01	1.994275E+01
2.355000E+02	1.070423E+09	1.034685E+09	3.741363E+07	7.877784E-14	9.554009E+02	1.036824E+05	0.000000E+00	-4.546537E+01	2.003560E+01
2.365000E+02	1.050172E+09	1.001244E+09	3.602281E+07	7.660675E-14	9.560926E+02	1.033663E+05	0.000000E+00	-4.539851E+01	2.012692E+01
2.375000E+02	1.030347E+09	9.689548E+08	3.468722E+07	7.450344E-14	9.567657E+02	1.030591E+05	0.000000E+00	-4.533277E+01	2.021672E+01
2.385000E+02	1.010931E+09	9.377358E+08	3.340238E+07	7.246367E-14	9.574213E+02	1.027603E+05	0.000000E+00	-4.526810E+01	2.030504E+01
2.395000E+02	9.919174E+08	9.075672E+08	3.216720E+07	7.048617E-14	9.580595E+02	1.024696E+05	0.000000E+00	-4.520450E+01	2.039191E+01
2.405000E+02	9.733001E+08	8.784304E+08	3.098069E+07	6.856970E-14	9.586806E+02	1.021866E+05	0.000000E+00	-4.514197E+01	2.047732E+01
2.415000E+02	9.550628E+08	8.502526E+08	2.983891E+07	6.671050E-14	9.592856E+02	1.019110E+05	0.000000E+00	-4.508046E+01	2.056134E+01
2.425000E+02	9.371994E+08	8.230162E+08	2.874094E+07	6.490741E-14	9.598746E+02	1.016425E+05	0.000000E+00	-4.501996E+01	2.064397E+01
2.435000E+02	9.197041E+08	7.967052E+08	2.768591E+07	6.315937E-14	9.604479E+02	1.013807E+05	0.000000E+00	-4.496047E+01	2.072522E+01
2.445000E+02	9.025620E+08	7.712543E+08	2.667036E+07	6.146299E-14	9.610062E+02	1.011254E+05	0.000000E+00	-4.490196E+01	2.080514E+01
2.455000E+02	8.857678E+08	7.466484E+08	2.569351E+07	5.981727E-14	9.615498E+02	1.008763E+05	0.000000E+00	-4.484442E+01	2.088374E+01
2.465000E+02	8.693162E+08	7.228732E+08	2.475457E+07	5.822126E-14	9.620789E+02	1.006331E+05	0.000000E+00	-4.478783E+01	2.096103E+01
2.475000E+02	8.531935E+08	6.998704E+08	2.385046E+07	5.667192E-14	9.625942E+02	1.003957E+05	0.000000E+00	-4.473217E+01	2.103705E+01
2.485000E+02	8.373947E+08	6.776268E+08	2.298067E+07	5.516838E-14	9.630959E+02	1.001637E+05	0.000000E+00	-4.467743E+01	2.111182E+01
2.495000E+02	8.219153E+08	6.561296E+08	2.214480E+07	5.370981E-14	9.635842E+02	9.993684E+04	0.000000E+00	-4.462361E+01	2.118534E+01
2.505000E+02	8.067424E+08	6.353269E+08	2.134020E+07	5.229349E-14	9.640599E+02	9.971505E+04	0.000000E+00	-4.457066E+01	2.125765E+01
2.515000E+02	7.918717E+08	6.152067E+08	2.056584E+07	5.091861E-14	9.645230E+02	9.949805E+04	0.000000E+00	-4.451860E+01	2.132877E+01
2.525000E+02	7.772989E+08	5.957582E+08	1.982077E+07	4.958439E-14	9.649738E+02	9.928558E+04	0.000000E+00	-4.446740E+01	2.139871E+01
2.535000E+02	7.630122E+08	5.769344E+08	1.910271E+07	4.828841E-14	9.654129E+02	9.907757E+04	0.000000E+00	-4.441703E+01	2.146749E+01
2.545000E+02	7.490075E+08	5.587250E+08	1.841139E+07	4.702998E-14	9.658404E+02	9.887378E+04	0.000000E+00	-4.436750E+01	2.153515E+01
2.555000E+02	7.352812E+08	5.411202E+08	1.774652E+07	4.580843E-14	9.662565E+02	9.867397E+04	0.000000E+00	-4.431880E+01	2.160167E+01
2.565000E+02	7.218220E+08	5.240782E+08	1.710596E+07	4.462157E-14	9.666619E+02	9.847809E+04	0.000000E+00	-4.427090E+01	2.166710E+01
2.575000E+02	7.086264E+08	5.075896E+08	1.648922E+07	4.346878E-14	9.670566E+02	9.828594E+04	0.000000E+00	-4.422378E+01	2.173145E+01
2.585000E+02	6.956911E+08	4.916459E+08	1.589588E+07	4.234945E-14	9.674407E+02	9.809729E+04	0.000000E+00	-4.417745E+01	2.179473E+01
2.595000E+02	6.830056E+08	4.762094E+08	1.532410E+07	4.126162E-14	9.678149E+02	9.791212E+04	0.000000E+00	-4.413188E+01	2.185697E+01
2.605000E+02	6.705668E+08	4.612718E+08	1.477347E+07	4.020472E-14	9.681793E+02	9.773025E+04	0.000000E+00	-4.408707E+01	2.191819E+01
2.615000E+02	6.583714E+08	4.468256E+08	1.424364E+07	3.917821E-14	9.685340E+02	9.755146E+04	0.000000E+00	-4.404300E+01	2.197838E+01
2.625000E+02	6.464100E+08	4.328369E+08	1.373296E+07	3.818034E-14	9.688795E+02	9.737576E+04	0.000000E+00	-4.399965E+01	2.203758E+01
2.635000E+02	6.346794E+08	4.192983E+08	1.324108E+07	3.721058E-14	9.692160E+02	9.720296E+04	0.000000E+00	-4.395702E+01	2.209581E+01
2.645000E+02	6.231769E+08	4.062032E+08	1.276769E+07	3.626845E-14	9.695435E+02	9.703290E+04	0.000000E+00	-4.391510E+01	2.215307E+01
2.655000E+02	6.118936E+08	3.935211E+08	1.231134E+07	3.535237E-14	9.698625E+02	9.686557E+04	0.000000E+00	-4.387387E+01	2.220939E+01
2.665000E+02	6.008266E+08	3.812454E+08	1.187171E+07	3.446187E-14	9.701732E+02	9.670082E+04	0.000000E+00	-4.383332E+01	2.226478E+01
2.675000E+02	5.899734E+08	3.693702E+08	1.144854E+07	3.359653E-14	9.704756E+02	9.653849E+04	0.000000E+00	-4.379344E+01	2.231924E+01
2.685000E+02	5.793257E+08	3.578679E+08	1.104052E+07	3.275490E-14	9.707702E+02	9.637858E+04	0.000000E+00	-4.375422E+01	2.237281E+01
2.695000E+02	5.688808E+08	3.467329E+08	1.064740E+07	3.193657E-14	9.710571E+02	9.622096E+04	0.000000E+00	-4.371565E+01	2.242550E+01
2.705000E+02	5.586367E+08	3.359597E+08	1.026893E+07	3.114116E-14	9.713364E+02	9.606554E+04	0.000000E+00	-4.367772E+01	2.247731E+01
2.715000E+02	5.485852E+08	3.255237E+08	9.903963E+06	3.036736E-14	9.716085E+02	9.591243E+04	0.000000E+00	-4.364041E+01	2.252827E+01
2.725000E+02	5.387241E+08	3.154196E+08	9.552266E+06	2.961480E-14	9.718734E+02	9.576113E+04	0.000000E+00	-4.360372E+01	2.257838E+01
2.735000E+02	5.290515E+08	3.056427E+08	9.213623E+06	2.888313E-14	9.721313E+02	9.561102E+04	0.000000E+00	-4.356764E+01	2.262766E+01
2.745000E+02	5.195597E+08	2.961706E+08	8.887017E+06	2.817118E-14	9.723826E+02	9.546202E+04	0.000000E+00	-4.353215E+01	2.267614E+01
2.755000E+02	5.102469E+08	2.869988E+08	8.572241E+06	2.747861E-14	9.726273E+02	9.531486E+04	0.000000E+00	-4.349724E+01	2.272381E+01
2.765000E+02	5.011110E+08	2.781231E+08	8.269107E+06	2.680510E-14	9.728655E+02	9.517029E+04	0.000000E+00	-4.346292E+01	2.277069E+01
2.775000E+02	4.921451E+08	2.695231E+08	7.976708E+06	2.614960E-14	9.730976E+02	9.502816E+04	0.000000E+00	-4.342916E+01	2.281680E+01
2.785000E+02	4.833473E+08	2.611949E+08	7.694863E+06	2.551179E-14	9.733237E+02	9.488789E+04	0.000000E+00	-4.339596E+01	2.286215E+01
2.795000E+02	4.747159E+08	2.531346E+08	7.423405E+06	2.489140E-14	9.735437E+02	9.474895E+04	0.000000E+00	-4.336332E+01	2.290674E+01
2.805000E+02	4.662442E+08	2.453239E+08	7.161529E+06	2.428745E-14	9.737581E+02	9.461150E+04	0.000000E+00	-4.333120E+01	2.295060E+01
2.815000E+02	4.579307E+08	2.377594E+08	6.909073E+06	2.369968E-14	9.739668E+02	9.447549E+04	0.000000E+00	-4.329962E+01	2.299374E+01
2.825000E+02	4.497736E+08	2.304374E+08	6.665891E+06	2.312783E-14	9.741701E+02	9.434082E+04	0.000000E+00	-4.326857E+01	2.303615E+01
2.835000E+02	4.417668E+08	2.233416E+08	6.431265E+06	2.257101E-14	9.743681E+02	9.420753E+04	0.000000E+00	-4.323802E+01	2.307788E+01
2.845000E+02	4.339088E+08	2.164686E+08	6.205052E+06	2.202899E-14	9.745610E+02	9.407552E+04	0.000000E+00	-4.320798E+01	2.311891E+01
2.855000E+02	4.261980E+08	2.098155E+08	5.987123E+06	2.150153E-14	9.747488E+02	9.394473E+04	0.000000E+00	-4.317844E+01	2.315926E+01
2.865000E+02	4.186287E+08	2.033673E+08	5.776838E+06	2.098783E-14	9.749317E+02	9.381516E+04	0.000000E+00	-4.314939E+01	2.319894E+01
2.875000E+02	4.111994E+08	1.971210E+08	5.574072E+06	2.048767E-14	9.751099E+02	9.368675E+04	0.000000E+00	-4.312081E+01	2.323797E+01
2.885000E+02	4.039087E+08	1.910740E+08	5.378709E+06	2.000084E-14	9.752834E+02	9.355942E+04	0.000000E+00	-4.309271E+01	2.327635E+01
2.895000E+02	3.967513E+08	1.852127E+08	5.190179E+06	1.952662E-14	9.754524E+02	9.343320E+04	0.000000E+00	-4.306507E+01	2.331411E+01
2.905000E+02	3.897257E+08	1.795345E+08	5.008370E+06	1.906480E-14	9.756170E+02	9.330802E+04	0.000000E+00	-4.303789E+01	2.335123E+01
2.915000E+02	3.828307E+08	1.740370E+08	4.833182E+06	1.861519E-14	9.757773E+02	9.318381E+04	0.000000E+00	-4.301116E+01	2.338774E+01
2.925000E+02	3.760612E+08	1.687079E+08	4.664104E+06	1.817713E-14	9.759335E+02	9.306060E+04	0.000000E+00	-4.298487E+01	2.342365E+01
2.935000E+02	3.694160E+08	1.635448E+08	4.501037E+06	1.775044E-14	9.760856E+02	9.293833E+04	0.000000E+00	-4.295901E+01	2.345897E+01
2.945000E+02	3.628938E+08	1.585457E+08	4.343893E+06	1.733494E-14	9.762337E+02	9.281689E+04	0.000000E+00	-4.293359E+01	2.349370E+01
2.955000E+02	3.564900E+08	1.536993E+08	4.192216E+06	1.693004E-14	9.763780E+02	9.269618E+04	0.000000E+00	-4.290858E+01	2.352786E+01
2.965000E+02	3.502033E+08	1.490035E+08	4.045918E+06	1.653556E-14	9.765185E+02	9.257656E+04	0.000000E+00	-4.288398E+01	2.356145E+01
2.975000E+02	3.440319E+08	1.444557E+08	3.904890E+06	1.615131E-14	9.766554E+02	9.245834E+04	0.000000E+00	-4.285979E+01	2.359449E+01
2.985000E+02	3.379707E+08	1.400441E+08	3.768653E+06	1.577661E-14	9.767888E+02	9.234140E+04	0.000000E+00	-4.283600E+01	2.362699E+01
2.995000E+02	3.320216E+08	1.357727E+08	3.637375E+06	1.541171E-14	9.769187E+02	9.222571E+04	0.000000E+00	-4.281261E+01	2.365894E+01
3.005000E+02	3.261876E+08	1.316485E+08	3.511333E+06	1.505700E-14	9.770449E+02	9.211128E+04	0.000000E+00	-4.278962E+01	2.369034E+01
3.015000E+02	3.204720E+08	1.276781E+08	3.390800E+06	1.471288E-14	9.771673E+02	9.199814E+04	0.000000E+00	-4.276705E+01	2.372117E+01
3.025000E+02	3.148779E+08	1.238683E+08	3.276054E+06	1.437972E-14	9.772857E+02	9.188631E+04	0.000000E+00	-4.274491E+01	2.375141E+01
3.035000E+02	3.094083E+08	1.202261E+08	3.167370E+06	1.405792E-14	9.774001E+02	9.177580E+04	0.000000E+00	-4.272321E+01	2.378105E+01
